78 52
80 6380210 810311104
2 6109592 78159406
67 5273599 282206868
86 1944615 794791919
60 4643252 860619769
8 5266467 381480377
59 5151174 194139205
65 6875616 202389163
1 4319461 443697392
88 3435133 587337732
55 6762217 96808106
25 3401887 850954720
8 2463017 281740746
88 5398898 650031799
46 6742738 335090086
37 6055316 73808114
12 179396 227946963
49 2257238 940407201
52 801663 150514506
0 1015111 730444027
35 434906 550143147
87 6156083 244206699
52 5162583 700640852
67 5204505 507090097
29 5454816 807766285
43 5681767 706678750
61 667669 216563406
16 1023466 394934247
77 2330007 949540101
17 4445005 780075998
42 2120847 553913204
72 942984 647437577
53 3642509 528993768
39 7100418 83245385
16 5399120 428284498
75 1605006 939077155
44 7673216 181653691
9 7335294 518076728
30 2378128 612759750
46 3254187 97839197
34 916328 804100656
88 3701298 42199772
78 3169066 474341724
52 1383815 131833905
88 5670650 419155087
86 4457395 634946690
71 841918 724457948
29 3389832 293901975
44 1213636 264065384
16 4045005 633263721
48 5611931 815229771
83 4742926 524345516
