3 100
0 233304 483713137
0 86398 822084166
3 124913 522093178
3 243887 878653187
9 190698 832194237
0 263857 157517163
11 32926 410928212
7 222305 828375465
11 136151 167682382
7 167863 108274121
6 123545 363751347
8 6607 30825382
3 243442 320465710
6 186212 757970958
8 89695 127386199
12 89170 949994635
8 126524 901131330
9 290261 429607831
5 89393 54705640
10 82704 412125573
0 246501 642286823
5 298751 781739811
6 17093 117593625
13 4714 783533160
4 172744 771624466
7 157213 293656398
6 284634 611769217
3 159157 666458209
3 59693 36750716
11 220863 697979031
0 100522 750747264
10 203630 951498183
5 63762 834979008
0 177256 268563360
8 169008 740944322
2 139539 152170343
9 283638 628782489
7 192251 400753617
6 89344 944934122
3 22145 338968902
10 213770 874949123
9 274171 36569840
10 58638 841885242
11 232728 356938327
0 187655 921517276
10 56935 178302866
6 162511 288834112
4 117114 952443718
7 100034 959735287
12 193449 146497964
2 291929 418391224
1 113093 299706120
5 15619 988425591
10 294403 656102953
1 16392 531833244
4 139798 384580125
4 209762 445622438
10 131489 166456549
13 19265 595655422
3 245880 519053861
3 79514 863852260
9 116215 749473557
13 131146 125917441
9 26553 370370848
2 183062 278667384
3 100588 815359009
0 220849 665303976
6 263228 250519999
2 215230 134286849
10 217784 58775168
4 159834 79997660
1 42010 331195525
5 95072 880346030
5 139125 774940879
9 171857 906090141
9 81328 594043692
10 36550 385175819
10 209205 263903533
0 29751 961045828
10 75828 648637940
11 78581 394931732
7 261465 787920335
9 205227 67227945
3 104910 740904346
0 182556 713871655
11 211538 849993940
6 224519 359480418
1 198075 967042186
6 287344 519264550
2 2127 98621104
5 95455 881983158
1 5144 691853803
3 42074 521727439
5 169842 401897691
6 24659 135548981
12 24211 455001438
2 231453 818021611
12 21073 138446611
3 74188 657414823
5 2960 705897969
