400 1000
395 28066306 181105165
211 31157705 614577656
228 33381115 91449780
231 24426561 898166986
40 18178700 639271555
347 38386038 961344812
129 11606007 923380733
189 26920410 642474540
357 31280803 397716831
107 18586332 599840572
152 3968474 47867648
241 6448323 776147130
384 280592 446886814
23 15940652 957506633
379 18916361 704774182
42 6666321 758290173
83 23390733 431779394
11 9371592 737412499
400 8427216 109846677
88 31501094 316274762
341 12631975 921007181
82 36602602 557786082
86 2347046 943842978
398 32762848 936865479
205 9698785 318220943
20 33097160 872429763
42 15117521 801376067
392 4935324 57971725
44 278628 134488173
9 6868304 40776570
9 28718994 355461471
109 37768712 722382220
115 2268333 329451632
340 1968460 42839723
225 33683541 413168140
3 1776667 587680605
220 19499752 599986902
368 35129013 63013430
104 15630687 18473642
349 19258318 580158012
138 4510851 111512690
97 27119266 638028798
155 20485839 112644511
120 27385996 333308574
149 26539442 410364119
212 4271817 557802563
11 26606141 869528
231 10342549 823697109
10 23290744 317492000
366 34335859 676105892
246 39787481 451437310
66 11414915 411423761
368 9377635 51732203
405 39471909 56807752
243 15008262 698124159
231 21892929 740976579
31 15824029 934299340
49 33440119 305011237
263 3138833 39348910
78 17194758 424728304
66 31693103 319354542
133 30218023 395545228
290 34945797 905637653
21 1894496 809897127
213 13219402 870468177
54 22066830 328160382
66 20276198 623627224
143 29605741 965420623
276 34203175 278716058
282 2572130 822260429
339 37282050 811346075
203 5541211 885647147
278 21880715 697675366
389 21296297 414211841
54 7633605 52243795
31 28541179 169302540
118 8177153 156861311
32 31432982 563555222
67 5312485 532437317
172 18550841 632921283
344 18783333 881671209
125 11859807 602066113
272 15452003 734129522
35 5948218 620054422
293 24035965 536330825
84 26204004 962747921
141 19261566 45325351
118 19685664 938512398
128 36621249 829553491
393 21730788 520699090
150 35717795 557423020
240 13072433 924357144
249 2276971 819307071
338 14879700 783010511
305 39510774 935711947
68 33933962 387108234
119 19559553 988395612
267 29271773 543970854
224 7627845 364215304
32 16370085 825694948
35 18657998 730401980
66 11474892 658423337
134 31458527 839356542
22 5472400 929036318
88 15654401 352543990
195 21325404 27867678
311 23078020 315137229
241 27124251 817356249
338 6397227 857828957
235 27552349 852104170
185 2541322 785506058
98 39556322 973854179
108 18405006 495688840
151 24437169 213808119
88 37766973 804307727
57 5298844 762756301
214 16626190 536795611
166 34384278 694615479
386 8536167 478607136
52 23230841 245846220
235 22781886 334070392
26 23151148 563813773
158 1360549 281714542
345 14527034 290160645
3 27797971 313490927
226 24093109 651612418
244 18329915 204609305
275 33305408 391615456
137 31628247 974595898
53 30083611 640993852
388 6674771 108592728
8 10831396 695982700
275 32142027 206305182
276 5415117 687519719
165 935401 965497204
83 38552983 786726426
317 11754426 205533327
11 19725081 139018947
350 37190807 434756132
222 35986897 838499992
123 26120164 565142262
364 9727578 368586747
256 23587521 226932021
237 34727583 636444818
107 28115692 716602750
91 11261483 912552125
186 22580986 383314469
375 1342339 67970473
338 38885082 924852107
373 11382255 965795063
285 38087342 571283793
301 37389511 255608464
398 19706443 250088182
189 6820674 814157158
400 13807957 924955826
152 21241544 460116116
52 7118641 276160646
331 2970546 760530672
250 1867357 561747872
213 34321724 532149160
312 2045995 858795123
207 13238503 733857950
236 37531493 210949714
239 17407389 444175976
353 39277377 144623422
402 162526 479344929
284 37950892 989171209
23 14984880 963614860
98 15399393 577333880
327 38170110 941864410
359 21410568 285275110
155 13187423 41293891
123 13380515 653435281
27 3494416 256466694
349 33809401 583094979
348 14578487 14865198
119 5569055 79106698
296 5546082 148834338
181 31037136 760504684
173 34800410 976724473
175 19610724 899659205
346 32916653 830434266
60 37232623 822783262
302 10410504 168094352
161 21898787 736825368
333 32044703 683752296
104 33426964 39467923
241 16541763 381762438
128 19299998 746049597
316 36933092 871619826
285 604317 874762505
239 3324847 10368520
337 5201788 187852393
253 34419656 894919853
393 16428412 18795318
67 14185638 530074734
405 32250286 8987100
372 6732713 952278376
181 38833468 984613124
335 2508838 986011443
345 3540646 928912453
256 27156246 207172901
343 34330129 949940717
304 690841 273533601
89 26970385 866122208
363 18827297 397436720
322 11355728 915690979
12 31012138 373902527
0 29359623 939373747
237 38031668 137925631
184 26565972 113740459
231 20270781 694532416
374 6434629 664962554
371 39781910 104676426
165 38135247 900045049
133 6434948 913878187
374 5213350 540816115
366 26208145 779321873
365 10226566 429179968
88 19530762 550315915
140 31540739 870381460
146 4102447 372610044
199 13662919 101426049
182 5715286 658071485
101 10278196 445002094
333 16575325 206027781
394 35422212 934727849
78 36327116 839073234
202 544036 707339889
287 23343248 978017107
257 33451533 187986457
329 377959 907596341
194 13334364 838257599
249 30887657 573704177
370 519733 456346340
278 17839143 291576373
296 11838143 195301999
400 30241662 260492450
123 16457575 232209839
308 20096546 118891312
27 19604901 723195470
322 1185736 897510788
233 26608550 916815656
376 13357572 936916807
339 25308853 180088582
275 5414773 468481232
382 26908573 100919765
176 1103582 185294623
55 13696416 474877214
16 7525361 645151895
342 22451904 921598584
84 34571697 974778994
85 37650656 941250412
66 14244834 467152333
68 1020075 42610012
7 19959376 193945891
270 4001952 40171914
122 7523603 565856355
103 14714720 630809335
245 39184315 495632923
381 7930685 371220978
273 16968335 631465671
210 5311747 257520432
254 4199393 201958027
48 35542967 401394550
356 2384482 954544344
194 849022 418767771
33 35822425 104715297
83 2797117 70382789
174 21078698 607739967
92 16158102 354353768
0 12557233 385029471
160 4129489 281024698
163 21097770 9231092
299 30783490 19965193
405 18090653 614150732
230 11719060 841752632
401 13533002 660412835
398 11909496 996294801
290 16989509 923446016
54 12689147 528690510
294 2699772 363140560
326 24943916 291478185
265 20549280 163387564
60 38071470 736489769
361 13113211 899153253
104 21823526 819164934
292 19633115 111484494
259 16204422 766491155
172 35900220 925742308
353 12041153 779005774
309 25460719 683004687
139 484350 401394765
38 18076760 671033940
396 30877974 671806848
273 20118842 811910277
289 33256568 411821914
4 17161058 308017894
197 8133948 777641242
198 2333257 679051984
384 16982615 685769553
136 18900950 758641484
61 39675147 842129256
227 29425896 837580273
265 26951240 182690243
110 363122 407520230
207 7159367 53086512
354 25609510 876401686
395 39377801 682384453
202 23489921 165191884
130 1850863 248577470
229 35892180 805421452
123 33657801 435362992
290 26767031 595283973
350 23026739 913037529
200 7382470 812947936
277 38438985 685566073
90 23393039 318034573
185 693379 579208711
346 1771284 383067547
135 115669 292950212
2 24969505 904089158
353 2762261 122055309
226 9427941 788935066
136 33323848 946607908
170 13644537 783872233
7 25225679 995043164
354 35445932 530830779
97 30659603 60697053
94 16404023 744401120
401 15597550 921841761
14 7882276 194277676
320 9184020 382418722
96 8285547 332185768
241 36136483 433553162
39 27480995 66451921
305 17188846 352991147
319 15341815 413292075
96 29773112 248096040
119 28460469 951289522
223 17265867 867412434
117 24191917 896832719
408 21570951 51129431
245 34650205 653020439
302 24249589 703725566
201 24300026 105441346
150 14456252 75048316
120 12121649 365571598
9 18235 17065950
98 11324169 763534100
346 15397328 62600097
283 16512545 670350110
191 4151642 961548522
6 3496358 616340659
254 36048128 641930475
37 37304039 796224390
314 32415970 471082558
313 12979039 52204932
357 13458462 353613025
187 38658573 393069354
15 1838001 660535014
336 34214635 826652419
168 3128209 653702672
332 39296241 489393105
304 10221173 297998145
59 15963267 32094206
201 30254813 816380446
189 2029535 507507101
371 3042019 560244777
227 14968548 430048968
253 16701289 911124842
127 1227485 552520180
119 13225685 224919269
175 6944921 987329325
269 5325175 421106529
180 13036641 685120962
310 26010744 580994362
403 35959161 691377333
225 1507096 93924009
328 10456058 357372555
27 22539379 698145525
138 27565756 574324399
172 33855386 556618810
146 35620488 894599399
23 801823 695125778
284 28081185 40542115
266 20292495 520262984
66 19373380 309131731
223 10444050 859570893
247 31816461 55962500
185 25053010 802011696
47 29771390 114951298
65 39046762 275968127
124 31008733 262405557
167 5065386 831802801
166 4113262 503561918
367 7497537 7046107
381 8270792 983580545
127 34541625 653541682
156 120184 421970825
385 23398365 245714437
222 38135191 973366357
325 13756378 839464403
95 29900974 353050572
180 6394676 444207327
49 34741681 525677507
162 20852933 699009524
6 11527506 202723339
172 28788353 983935581
200 27017000 88636061
115 39537760 454045576
73 2431418 200743611
374 33086116 29348733
125 11110230 689192877
292 20788232 285676175
264 7015479 285860041
129 26706105 222770822
175 14680306 644622574
55 25187544 721074540
318 800868 422972643
47 37699562 325487983
112 33779667 311158507
98 10484057 551486378
5 28225706 826276822
336 35238109 198601579
58 21085448 232656554
109 31867607 870938778
293 28205029 800565777
276 39305528 299742036
320 9325143 693319805
312 8011574 170346889
228 20899472 697535542
193 22494022 177610855
88 30960490 846492264
216 16404120 872045944
337 22294067 251570766
257 2661335 346849911
56 28080826 848450725
162 27501006 836869204
198 7153505 426598140
226 6287537 97585311
95 11440554 4168972
227 32070832 883584262
79 28478375 832675720
71 37083568 229424717
302 28760463 2088818
260 11887708 837176958
149 4486286 852157498
18 9767716 780278699
96 5679035 60436051
231 39591442 611013563
194 30317509 345113426
293 8207468 323036118
99 28184218 483416617
92 1497310 773532058
353 6499805 958204273
112 37988443 449162272
133 9937099 885240670
106 17160474 712011025
180 8121852 825133890
247 20873316 430647216
142 17888292 506412463
158 831910 751210519
64 13531132 155319409
135 24871565 409582115
345 19627645 321292936
21 31858316 818037124
315 14861788 937493334
192 2967838 794944067
393 11637886 504363769
177 13484793 353986456
198 20297357 219596080
226 36383883 70660237
364 28536697 858986804
179 9042950 670041769
179 39720202 114473858
330 210459 670435987
307 2367223 732277654
204 11784848 555433162
155 32918151 13491583
135 27686355 626323680
368 37397464 462651949
21 125897 177241355
159 35994385 858706611
79 38550591 344442705
153 8630513 582187177
161 14818468 602087152
217 6070071 224044514
156 26962097 740251883
236 13417099 492987761
84 21548954 897514887
296 16904382 717710665
183 20242188 491613227
39 24401533 86862175
44 21090489 955567810
201 32937773 286680120
60 21913643 962671724
89 13189646 678245378
244 11084696 537139631
296 27882731 834963243
270 35761023 842860564
3 19347385 624035433
336 36260989 422426130
298 14683226 444353166
5 16209902 767093206
48 4393220 992318943
77 15352021 759346694
214 34950545 452571377
404 16236433 213732451
396 22160423 605076721
144 30698073 709824615
41 39322920 633469482
382 39242995 557940846
175 27459296 357922581
280 15784073 781414068
167 37113497 349547480
195 12734365 910368256
36 9391999 164484968
19 16771741 287881621
24 24583897 225689484
343 5488361 614554243
13 12208903 657338297
111 36786123 569834776
46 37375637 206843753
92 29026839 683796332
388 35151133 376881414
277 32970038 192883441
237 33142481 965132279
410 34388060 41509790
96 1931652 23441512
63 30919458 812752489
133 37867303 861228990
109 24267158 617088550
37 28916676 763896165
98 28353974 698321340
308 22412374 681397441
207 24156855 392469734
48 19623888 915464759
410 31245789 343088336
71 28836207 940093044
30 32284181 679910566
143 36975481 27724593
38 13344798 745658063
102 10403895 280048312
157 15867350 390336226
385 21851610 838886240
298 23607984 23388419
112 31885567 601591312
216 20567459 256700888
339 31244439 704771813
335 2471358 325068387
169 18197182 715409656
88 36113273 403385246
56 5824631 175734576
83 17683283 94720929
171 11964959 967762363
145 39548893 815001677
172 6439864 879304494
214 19680691 660284228
158 16016490 238594618
306 14084197 951573655
258 21523401 602587623
256 4435461 4008698
276 12913894 29561272
78 11117413 717280470
155 1651153 889158984
361 10201271 835628270
162 8773285 222912638
327 28525309 198536490
362 1590716 585378728
89 12217297 183154646
354 19194315 899385733
393 13590115 88787925
267 1483386 823236956
66 17127913 291105696
298 18444639 579640425
198 23522367 204906076
71 37301201 493539159
87 19554716 56730093
81 27137109 344318711
227 7731430 993182566
115 3130842 416133907
156 35761588 218328111
145 1058666 543373822
69 5696008 286164983
162 23045893 503389568
201 32779601 838273368
276 19491033 938343329
165 2458114 944948639
54 584386 602929005
206 39326378 358658988
122 22881700 774748249
49 22674080 112687818
369 2828754 138517320
144 2225426 955753008
265 31857864 719726626
350 36482941 27122525
322 35956694 522032077
86 15013766 124500275
103 15830749 7076988
231 21851026 50424651
148 32834508 253111083
194 32300135 844785598
169 12602816 544090279
317 21252331 962554287
76 16135436 789287935
173 11027623 937882528
252 33177576 722468011
102 4508985 473963432
403 17223623 120110841
195 14023350 798193588
292 39232641 126988090
156 8372686 513431835
318 15477997 306550023
97 2760757 47071028
254 11904751 514035876
236 1271098 179993457
164 14680965 574554198
231 17834392 929242023
33 39743796 613301
24 8147374 486062226
31 37269065 151547058
82 22416277 255832759
108 16795463 279129763
284 14702038 726989626
305 37447452 551504825
334 34436241 636614355
214 1658094 916061447
6 7937302 898244387
169 39920997 337446381
369 912135 511559120
256 29906018 132787247
61 33713264 822678475
80 27405671 995094184
19 1417632 974635626
282 24064718 517469016
307 23823068 225106521
276 13501226 417650195
227 28630798 506337741
6 1730350 507285318
51 39547680 263085029
277 35908357 788348614
115 16239132 593631301
318 6379535 524458199
275 27101677 381876432
130 21324770 838846787
362 29298507 555465598
354 32584284 329451440
130 3730169 877406377
221 20224913 458119556
150 9153820 168852776
336 14535205 80482769
377 18904898 171662289
409 27943678 355672316
384 26730096 279844585
360 2345379 493609597
154 23027514 566887683
364 30125162 922623826
109 15337606 578801915
107 27342707 745859501
369 13000540 841788372
45 2264127 716678861
240 8519141 814239457
62 6115653 577313879
224 16578592 550855345
43 862208 165481948
218 14149519 561331995
109 4198633 895117268
407 6799374 689723537
329 36012681 351490758
380 36048264 149055933
321 36027923 284755254
105 26325783 719779342
54 18602116 821855241
64 678293 865043797
170 26256296 417302872
197 570619 845361540
266 32700394 770734828
62 3559784 615054829
11 39091796 301706781
149 12991771 816198014
151 25330771 330796775
327 33048636 871842828
384 35805532 528723057
391 34186413 571475083
280 20552245 126720250
395 30180582 293366490
355 21503418 554820414
338 30558595 574053343
202 30597034 744330612
135 31023995 405734150
330 7041589 892208805
203 33105337 117729839
232 10665585 371036669
154 38596536 630616675
16 22027894 402545176
150 1427609 597781494
271 38892484 650664471
191 1320356 522920312
312 18768432 939974520
70 38809338 699796820
113 30900156 732463316
321 22270438 145315170
347 12638160 48747120
335 27181737 68459343
191 1154373 780638244
120 21133233 454016602
342 1254960 137968829
362 23547150 468474165
378 17045507 851126946
245 7696298 697345347
167 2940909 177385743
2 15303351 548958757
151 3269520 971045601
206 32147618 601523875
167 1033999 880512286
32 13313969 981087228
159 29652612 609695561
197 37209135 136884957
349 11411077 642686354
74 3807193 937691683
120 21031009 796681395
133 39249263 488970063
253 6356119 874226307
252 24732235 407799260
316 31605077 498927632
300 14308147 664194772
366 15564000 886911006
76 35024830 740409188
204 5561588 73215663
143 951572 413851189
328 34388103 215930880
204 14229973 465044349
402 14113883 62963146
337 19556046 115583192
275 27550673 236206922
218 7643951 683938813
220 34449384 595811685
241 16582802 886661632
247 23500401 105070857
128 16841585 848294230
248 20565004 983098127
167 6631801 502328694
91 7120968 780572891
380 19962049 706279750
257 37075568 295135432
258 12274733 839834384
367 25728992 807699846
137 26711871 933254118
329 12484410 810927764
138 5744398 977274012
70 12201977 89556475
113 19482454 656266945
383 12999970 254409144
167 24775701 553218752
334 31639983 603401045
142 35474634 455609452
357 3777635 616918571
377 20367521 417502150
91 31703799 220427593
386 8919886 645003939
207 7650743 304560705
253 39216827 630316920
315 1095541 757106824
377 26019665 969251856
322 8143641 663662819
187 1269844 369095588
90 32949066 215007908
266 7920667 114813251
264 13211361 243665573
212 9875551 310740139
50 35577898 16125130
5 36081550 867158534
73 1323345 606589306
271 36749836 721382948
23 11723083 399298443
41 36830022 545025686
274 5818601 781648122
279 37340554 703755660
148 22312584 94584409
181 18966790 921448923
64 30536340 986512745
213 9292023 797856577
263 34049369 65548469
155 24899133 809606879
195 26179863 641876158
292 28714255 402696441
166 19522649 718359072
266 25436751 39199675
235 30398876 855177575
68 6185058 405984520
279 18216692 475399211
253 6966483 728008595
292 20925258 999802282
182 17631106 416408592
397 19068075 914448940
391 823092 301832000
220 17309118 130356431
225 21119069 366743789
202 34048821 678410196
152 28907246 654163154
81 12856092 787640026
31 20375215 175775878
301 37227522 445029922
279 34573407 969389848
272 7246584 880014496
156 590192 960733135
175 23216162 194142017
60 18490300 708396619
111 23169728 560207556
288 24583358 127466617
128 23857172 618134979
130 38080955 887897323
293 39328335 140534446
264 17738044 603471278
110 38654965 526460049
153 31572215 927246399
182 26020315 967655898
172 13139455 826209634
142 39167643 537759406
220 545498 749534657
10 34078799 240095118
44 21441915 584138397
168 20426637 600633405
121 28099803 552946887
96 2470950 779509429
170 35849909 336915050
407 30929295 488195206
26 13962805 381041732
49 9204500 985328674
79 37573180 166007409
5 22783949 390612550
403 23630889 431909123
107 32496952 997412864
154 2106969 608200042
21 9037438 20383144
297 17889398 147050161
207 37720811 814121188
255 16773296 578009963
302 7681179 261302110
261 6874533 525357392
12 20944801 421713882
93 25693384 362076219
253 20042030 591231191
368 28950132 320377465
267 25357381 58874404
246 26819286 63349549
295 36933389 512320909
381 39161581 739571534
399 37538310 62045970
147 33934317 401344230
85 36959579 118738775
326 5618582 667657993
182 3148286 773042707
50 2121430 449412198
367 1431870 880943342
12 28326230 115317137
261 11554895 948616106
278 16591099 311436589
79 32655207 652754403
230 11396372 912742096
186 6164051 415202165
202 39958823 607070483
162 6945115 816966165
241 28263065 456148444
211 20266396 215659337
332 26528941 54198381
135 1068223 973059385
359 21889396 778647784
200 14996172 679138996
258 28281390 283237936
174 8965787 921898566
331 12440373 890903889
306 5270728 985356750
79 1034031 480250536
100 6192910 399378084
319 22787668 689899440
201 37957940 539971138
6 5014709 93664720
92 25933524 344147476
309 13653566 329479460
325 26026480 34122262
273 15412000 279795820
29 9871979 463277486
57 14184499 304864812
54 24250154 514929288
13 7907635 366302652
94 1940957 189515867
62 3167664 289851072
393 30484974 862282351
32 23886489 575081417
132 32347530 241083980
219 10759000 265528180
74 24106651 295105887
364 1106799 646858834
262 19536236 707401219
80 34535477 539153649
198 13854836 981794450
279 34375986 544412757
178 633606 742788385
263 17847294 619996907
104 24724646 747221758
266 1378672 809489126
56 11527390 904794913
327 20631754 362349627
385 8652875 17329452
351 14760564 880148343
127 7441609 945983492
361 14453 892827787
59 29362943 981749803
175 1292898 458911744
78 1933710 64646413
361 37889752 109515544
151 23031582 540277721
163 35037685 406278949
45 3322612 636308896
65 26595012 514706160
316 19952158 937105111
165 1357520 412554642
319 5238024 548547773
46 27974498 729067355
184 18079493 50655115
72 26312417 413408900
377 9063537 729685769
231 5794432 129866896
184 25378975 604501810
242 37853959 739441258
354 18575053 247601044
406 13137879 472454330
139 39101974 327445220
115 33082535 751508404
314 33555358 594254697
255 35887333 38574336
126 37777617 763887457
307 541546 334030293
339 39724566 41311519
337 34001262 380683234
343 9873668 943616300
85 34721853 246689101
298 39244255 599516198
59 3913331 651746509
1 34627646 847684147
60 32884965 128914768
215 12931819 681996462
367 34450409 895249712
313 21636520 236621753
333 4633237 373283187
15 8731181 630994061
304 10565191 419649037
360 12926074 779473457
382 17747392 795533666
258 26943487 574995646
25 7886599 116245450
139 291046 409514994
383 4200580 971213440
85 19491380 20642398
87 14374195 102462793
183 11670865 68792907
156 34212486 607185723
157 10954373 942502295
93 8739062 358246391
121 15439722 413705621
148 2358815 430089914
151 26354965 985045430
123 15988920 156743232
154 1287568 603318774
12 17086852 24540896
300 15768738 286825875
32 38009943 707946265
211 1875253 445478518
244 14506377 295474031
224 1291264 994521097
58 1354580 234353338
174 38056869 534277679
45 10967056 119740763
376 30425804 384107266
93 23435956 319983911
277 17177601 167271869
295 13324149 971312570
328 20080241 206279689
232 28492565 949378259
330 25418388 203781379
317 22472525 932825075
49 18772481 373445469
206 39131892 239193600
284 1132566 163814998
105 36353178 811801700
355 3420181 412648812
316 10520908 857949915
299 18363736 515033475
234 3904335 257219071
289 2615812 499555230
374 6341091 692649394
110 9149678 601067323
104 21141176 847519459
206 33120454 430141681
129 32958686 344262664
34 36170143 513358340
115 15857223 751024349
25 3325776 249580772
