1000 800
972 77544217 670289744
246 51730375 932134417
764 29604322 410769374
651 48218540 70578472
307 35856682 881224021
640 78668478 205939855
372 42748252 373820268
289 58827410 726392453
931 45278862 484038200
440 66568177 708241599
765 15834593 11498243
389 5413930 587815211
839 84818302 228736125
616 95416080 494447850
43 83786584 137765980
628 26226354 94573977
680 50148076 889010782
83 18470028 148931786
598 9081076 336338327
185 14969629 833240609
665 47349707 172584127
48 70535004 649214214
134 94529872 992110829
59 97504947 334146710
750 12998455 842608880
857 22440044 298996746
712 35379167 265011215
918 59560377 956046876
1000 89025769 745022628
630 53454063 695832932
1006 58688123 144527973
299 10999983 568377752
625 90647663 712420268
446 76176334 872527376
171 9595479 978069397
110 23475670 410971001
276 46636766 217025641
329 91294033 828853175
563 16959920 753667978
236 48322640 319968254
277 50009909 321862966
929 37860246 805455909
705 42224289 201419422
1010 63690439 565235557
14 66098529 201182699
20 25175486 818743948
482 54793004 100160762
883 53914910 411244267
237 24170093 969327081
242 57299927 614737872
5 68633475 239926395
771 46880875 640295536
442 95208763 817235713
185 15578620 618367909
344 70967097 410813536
978 24957175 505350277
24 70894028 25116057
553 44367915 955541374
448 51641603 510313439
145 20881337 201111644
389 34806208 529996005
963 48497700 649778555
100 9230767 312713878
262 89790464 270654343
866 66732475 760124401
624 58172090 998614440
929 69262385 162306844
903 84467463 61719035
534 25008226 270662847
60 99665457 155720356
950 47259668 723599183
803 35252783 909078227
310 11794571 509733682
820 30986196 196837441
902 98415440 676275201
409 31347291 544846452
73 88860261 532838375
769 33384103 373361423
691 24455763 965091670
162 83924305 199738177
828 99011581 829545195
302 45089732 852880567
152 53645527 327289981
566 52461021 896902444
419 80355923 885083442
113 90641752 144467499
587 9860978 633071324
283 86381639 864255802
722 54319327 418880666
766 38144920 75620485
975 98956364 611230045
894 23403054 619347319
89 18810212 862099760
745 15493786 568029509
422 37188815 552720032
531 94552715 165195572
530 82658412 300958084
267 47058568 438075684
176 15474846 124498425
878 29855084 18754217
181 10964629 119483007
943 51576066 272738969
257 45167666 889379114
911 31715767 649748866
653 39886324 305394244
140 74703312 559051256
88 82829664 382926664
550 73209391 952358446
155 74051210 136152958
402 92813012 961052219
823 76884317 849925099
226 97749733 341990988
553 49595349 478562905
683 23518831 993103439
697 32376425 553746482
254 37522839 271269471
465 64393207 460751867
231 60496032 667984587
871 26941024 373807946
622 575667 760934649
452 63730335 739549012
243 90610857 839261953
343 84802476 995846076
636 73566167 47177005
139 59440568 729780616
210 61232027 15438778
574 19176663 546272271
947 83201360 133352386
281 44364447 822851181
181 79092549 529487033
464 67800109 547182685
811 49315793 122951148
983 22944404 602348270
324 32548396 206296095
646 85267555 921808206
786 82369598 241979513
496 22992920 575882731
421 78513259 292182860
731 64821118 318565577
1004 44536771 21258008
33 12784642 774561673
792 75526994 455601247
744 46017562 430687732
974 5136763 47450436
758 23251822 283799078
952 18051977 61578916
677 89351987 579855383
585 73486253 259010369
455 67303559 704973510
352 94203574 248945306
152 71253217 258872798
406 92124706 87461093
394 56660294 698227100
970 33064316 937334265
554 59593566 414432166
954 43270054 354849510
880 99491137 402251984
534 40510300 675731815
526 6511507 711067289
474 68992181 497418034
833 80681747 705767964
431 29230585 535108998
732 50833147 209837981
206 70935526 93755217
396 14786314 170340210
683 514964 105760684
543 24788973 732377231
517 85362680 128673643
428 75068449 896266206
909 76383803 181448435
570 92206975 165948814
910 33897249 69872557
283 84772882 248903049
947 92893317 446122500
741 36886352 208794709
326 35594325 222719437
745 25034221 360392760
675 86183210 26262007
185 74887060 219008704
7 86943480 340636580
960 81462829 115267163
330 84974860 94925296
513 47865834 608254654
54 37622537 71764566
563 53171270 454727520
677 89913292 154853164
749 49851960 288929388
170 60469394 290496918
119 43557023 887937116
752 32153368 682068300
10 4931072 486027976
327 10284417 482426887
226 51040798 628981810
881 78938789 141858223
761 66208586 118112030
520 664541 143195669
413 2142874 667375431
425 5820684 823068594
145 14388271 366352903
538 69228159 284716446
325 97815507 952863990
781 34234231 92179658
262 12828526 95680802
726 39010462 963199266
506 66936202 902317651
10 55529444 46088904
462 12372748 469537755
120 81062767 495664553
69 93637225 250954714
821 28939638 113217996
339 32775204 464051946
789 50245898 706345334
713 59068072 804092097
518 94910121 504907866
80 99021839 610953574
749 60210925 421219313
338 21065670 145108546
193 617504 872464732
544 13928865 929831894
990 54968184 472564901
669 18208706 401981847
956 81856160 256323702
251 48929191 409424471
1006 8503899 783953623
182 17699355 560089863
304 79646604 133050417
677 88792292 116505927
960 15889669 78036045
711 72245776 608719579
582 17712992 271180959
282 66612220 261399586
196 23022510 821768377
59 68412136 734258504
326 9250083 498240264
854 68611712 438262407
193 87673477 837753131
996 60377895 622142065
529 35779478 26429084
793 18894609 480290729
784 58232441 990469397
1003 49891303 572919345
532 95671393 773240920
302 40554510 183717893
945 22867757 523955122
919 95904889 335496745
131 92878647 116727453
499 88119902 228399074
229 21287270 364888422
589 46749295 907111657
533 96076708 147862134
607 23197215 227214562
821 12101046 343862110
460 4010455 271577637
407 63377985 343504397
885 51127744 474006853
716 24247090 748908951
897 86094678 926985161
228 34904536 709530917
274 75991915 316774134
565 19321470 614165228
403 6430996 524484109
477 44070397 352715180
377 2034074 122469364
870 64863312 44353443
937 98469796 372088949
617 39392559 393242915
954 97216119 933253255
654 24997729 968806464
937 65763742 625359140
518 88315416 652513803
503 40979829 526829847
331 41766954 568426733
524 29056443 333903167
589 38224578 919897603
89 15796375 366382774
773 70842585 405540968
958 53124559 819200592
247 75646050 255886894
780 38601376 880521390
660 12710586 434075156
213 41334176 172398062
569 81109824 119914545
548 31486 9767191
901 89993305 389983578
881 96791555 546529013
28 32896981 937866401
542 80388612 167860146
528 5757318 551468913
630 44925525 495976329
12 89087708 133461042
588 12764189 410986474
281 482136 631112053
671 28036458 759100692
405 27749294 558840348
12 7112344 405965265
829 54339748 787642057
846 57979681 839481750
297 83210028 929860744
246 80098034 544826907
327 39596783 245942017
880 78736121 663634812
385 83182644 632277241
801 74469635 213124729
860 33343158 598337152
933 52768458 606561725
665 45924559 89979500
152 87327444 755932179
538 39551799 975443505
33 3503069 170820891
571 24633581 800892041
292 22226788 418143829
737 49304768 98704713
106 98731427 548931533
407 71602631 316528568
720 25542202 395182499
319 48301577 121316698
572 6175572 992169731
158 39082819 123192755
304 34834637 55078532
500 71793171 609173175
452 74407828 138800602
281 83189670 547558780
735 59190551 146503631
841 40425082 39556467
553 21056866 72067640
876 47107348 248308915
873 58811709 581874664
827 66547870 247546213
220 67847323 768118981
969 12510993 999262458
236 18805418 502655856
533 75441806 330605036
5 28018478 836724916
127 93460583 695502185
92 78517554 765120914
914 43651280 160486702
759 27896811 858363847
119 83591310 340455516
965 92963316 837815964
578 11105706 626765219
566 68676328 3714882
873 12971740 808389211
232 87528864 159906305
71 70480092 805125234
782 30327816 772575281
256 2239800 892420604
646 63599178 900346953
735 46167350 705733184
578 9821839 349529536
504 38832684 637994575
474 76287152 665159348
691 59429935 878607182
586 17587154 231252328
635 6299385 627771209
29 66068034 518834710
507 48017071 146287541
380 82045551 875446317
838 15832517 388503670
751 25943513 452027541
762 43520093 816160886
89 96207428 603309737
118 72489862 570350284
719 52370568 988855953
302 26680598 897256981
535 5485885 55213258
915 85348280 620224979
157 73394778 883199450
497 42566613 462413546
169 82526670 653953555
628 1622902 413126992
101 49477322 50884558
858 26998023 526949948
226 39543698 639911572
526 1097031 733131830
50 70388132 850241919
933 45272656 797916613
232 91332023 699918175
645 77388087 250592681
97 54117415 386318086
176 12485211 660734075
738 35643508 701501283
148 34849669 832821862
644 7281891 626345833
312 53452684 510582763
656 58026262 489170185
391 50159742 425788845
984 70785098 799281271
737 17702466 304579411
80 67764606 733925214
54 86003322 42295152
99 95293034 956040538
116 83878827 340571743
998 44081751 269145978
971 73258545 200672459
447 4445251 478493427
444 10936096 329603733
313 40816015 342267514
108 70429633 323671627
164 54970807 861887088
488 68287981 586244663
400 17184686 168545063
691 59809484 480119520
733 6410266 188164021
449 88469432 135196810
177 91937766 702783499
413 3279644 763256900
539 82654874 249420598
569 63247471 742519781
743 61592053 766839638
661 76133333 989792270
816 74117476 564616550
258 66919659 430256724
271 79895802 599714027
246 72003229 959595949
163 27311286 158468330
246 31409841 897880090
923 86828563 666687705
474 85502553 860496013
602 9682370 701193050
860 68641594 528895807
230 59822121 490969805
825 64932833 58281779
337 77863862 198811071
190 62179021 142368852
97 46252584 728532995
593 42541497 665973724
485 71565519 809089740
279 98162988 431931055
1005 61985338 250704940
53 61109686 82044530
925 52891166 216322775
555 95320915 416113430
633 2979706 969471515
761 8235732 239112155
807 25846955 769914398
503 30458399 825479280
971 20020220 754275986
986 70869540 602229644
202 58695251 704733938
1001 86393881 486929211
589 74920121 285189219
761 52248695 603820186
535 4026159 725519795
949 80932012 501300993
359 93301879 269026517
874 57122896 428090760
435 74158724 86985758
1001 23475701 998194946
376 3073249 134519250
237 93444584 228251853
117 79835844 738490594
293 47884575 306488063
954 51732527 566195378
235 85311617 922040331
273 74442048 72840655
658 18995617 332339381
944 41086869 31357254
569 41270494 253972613
638 57403600 917229817
81 16743968 572212671
91 14172106 579016845
967 48042143 165269248
185 22670750 806622582
695 99827753 957235377
235 62072550 156329012
990 88222593 432836133
345 12201581 610309746
239 90088304 431012532
916 82993242 777135513
986 59379722 831624976
22 31939091 905992227
146 32505878 122344190
796 41027728 307213754
188 78363560 88802343
282 30631032 806783710
769 68331304 271048802
565 86991028 623956897
908 49747895 352966503
936 94566207 814866423
854 84852849 270985705
126 81256252 204056423
825 94419182 487418116
270 53641282 345797050
899 28856190 165072548
672 35835785 399757841
970 25481539 210611937
163 34849366 133364848
499 55085388 552757957
411 8144941 524116182
268 76547476 652516354
728 95952977 165768145
919 62407639 651598546
251 82150140 752071422
536 73914373 61435962
64 42603169 312433607
805 86492211 184590524
144 69190688 441244232
725 44557540 833860689
630 18186958 89362566
508 38386203 932466969
414 18801876 932343408
62 81700371 845436315
537 19382281 526135057
563 68732305 108802812
672 46613400 429204944
969 38936275 425362452
286 4681248 402939397
847 73184980 167693478
840 56793380 846427143
635 68842418 741728316
102 59432767 340832640
545 14534105 176086627
101 89516708 669742730
609 63177112 703897298
164 27604154 357616818
747 42496731 595775226
847 58049158 72198845
709 93906633 48102918
646 14265026 331119957
231 21354793 402974340
376 52920116 8529396
727 14691 353801544
747 89272448 242562228
14 69492290 326258223
908 28043695 311145118
564 15709905 51429932
3 26453755 550680687
95 88718943 454275181
68 72755232 506153661
618 6794422 948615677
1005 72376766 830047222
302 97332528 453998349
989 72675105 478463053
473 80988330 913235029
516 35365176 220888806
359 51473034 644764741
267 62448709 830689371
64 55969288 149079303
102 32348878 889448204
912 53979949 471886952
233 85726273 701814795
41 20313401 299461204
222 92169725 752653517
94 83933516 598452326
718 16268658 727307738
18 33220436 474032230
191 10900625 238459148
380 99500491 888271384
311 95448572 343425909
565 85099236 7050657
739 34664165 933596925
71 71544661 16250397
388 6821078 343038372
694 13940970 947939741
47 30114446 284535849
257 49412566 561245785
483 48317791 215890227
139 75446671 894696801
280 43723585 567559889
785 44724956 121959848
272 3822577 908308358
875 46173237 6832121
886 24469348 154296688
706 45045914 775795303
520 22809227 336143369
949 93836289 86522669
305 24213354 403122478
559 8661094 746621275
233 65306384 686657775
246 92995590 238521733
274 13152619 639372667
849 58378773 990237647
308 99154267 775606173
587 90675508 423406899
564 12099902 19396480
51 55083350 541056008
780 15065164 478875691
754 62816902 241081893
708 42611465 73216142
265 97542760 597089265
504 99291552 908164470
976 69486342 475979733
763 91452820 55116777
90 47182369 903847677
567 2314352 366566699
769 19343816 522523398
598 27664474 789925139
646 67554936 636562717
700 13577084 307312840
524 94633303 523174324
526 1921270 887311021
207 44628491 350342239
851 74495761 980460684
670 46925118 365491230
659 13259171 92359305
210 51171642 491783104
12 18857660 947349714
773 27080805 248377798
451 12409206 426577506
13 82801138 507383138
783 17443601 386144476
789 52612755 500730425
439 84887895 520330912
423 25662202 194998634
441 81845823 720022333
227 35324496 422418954
746 40030620 152486721
647 55680307 903814389
830 52042985 773367584
863 56789908 870033586
624 29560998 622975073
861 18934044 570131582
572 1616153 43519705
88 15158071 165118151
702 25535792 297081419
664 67662974 546280161
78 19124118 117007743
453 31617803 44236169
58 96322271 106734914
530 74275155 663756832
612 88500750 88780051
30 1773504 248018064
305 55081277 198800436
618 50544474 598542855
399 76703928 184152101
100 58508979 977756141
34 54532185 64337050
612 19978344 623756677
13 29154017 97568613
872 91515606 992303226
801 79177981 37751308
190 41681984 328554711
725 5901585 415089950
131 78606172 676388085
363 32733217 715517964
326 44133802 137099419
1009 59852845 938455322
637 10027737 368484892
242 4196921 583690148
448 55551100 559046345
680 68557443 831362639
34 32096770 273010240
414 97400148 268820875
277 53958712 968550849
820 791232 781462018
490 5932920 404527710
459 42386094 61365449
911 27418057 537023866
526 15486769 589531513
252 60696931 605603096
555 20532915 603137571
524 41830434 177264978
192 86586755 889375885
749 24879638 375249465
22 27524863 198431292
289 14129381 757108429
2 16308743 23412527
219 41736526 760558043
605 8042637 589920261
850 17497282 953847233
710 95620903 761526045
806 54956935 44672206
159 57702619 956179884
454 57038532 731941943
438 71057573 298148500
47 24608705 166392468
406 90743207 165226749
25 42916808 401310192
388 39883018 974245679
302 57529923 49170588
758 74088708 224587333
18 79779621 716129265
1010 96475890 891667013
607 89748805 855020263
265 80699427 850964839
768 6371928 267314318
249 86379393 616053575
459 8375308 898663585
28 44796998 937097044
745 32377285 790757598
949 87105712 835319472
970 73253885 645830424
148 60895701 791536352
896 4209688 254910749
805 80309833 50319178
706 5167941 638023057
281 76451245 461250247
4 36366793 212926309
457 86009679 79807175
539 27358356 509956232
908 24691725 302159239
3 11519698 136313814
8 53620054 497131214
990 38898646 982805205
103 94078910 920459104
321 63837743 964325956
122 11513505 430292404
347 62480857 583454855
486 36140758 105963155
708 8917675 65849123
296 49123879 789708003
44 36536933 150924178
560 98309915 480614978
859 66245981 328287873
403 98207302 684262684
533 20674643 259117704
962 90846441 428926357
145 56947345 293274842
861 36496343 630261447
282 66402670 19849965
528 97765779 276377571
332 40407050 585938620
805 82354143 272539938
38 15630534 211520006
913 27455143 158324599
485 33548454 546817607
66 68685668 650749104
565 49708211 513104082
203 50358717 164104856
503 93631530 380780699
149 95523143 309147905
362 69482031 978411673
667 42723726 366434847
891 2994617 910708661
468 72285116 876023110
750 26521864 744557636
366 27393992 199553117
558 44170635 26406166
58 25997787 162125871
929 22549889 285742866
414 17676757 140070815
976 42875740 431101945
45 58210770 855738013
178 86402469 732029246
790 78146372 508604554
157 24116801 356116657
441 52918291 837342264
87 73000263 291643297
116 96788781 925925092
166 69519728 903715105
505 72016966 520973529
193 78506123 724061698
981 67147038 369964916
201 16082695 883938387
277 55065153 199803047
556 48444025 656097145
143 33153189 292152182
65 17131206 64124833
330 75925468 394972603
812 34497345 657338865
902 8460756 518728285
516 18035642 759380970
667 8275669 7114289
836 72381885 408038210
829 1984897 194608079
999 9110742 765885707
935 92416897 241455772
730 53554947 595239996
811 28656178 560531980
570 29913306 986709753
857 5996533 364478473
259 50740977 554776410
878 77075152 137884499
463 72032960 154895255
384 92943463 213702904
694 98157126 295465337
178 31234535 769951510
788 12760821 538310176
170 56429972 884759075
554 44050910 261522361
592 796111 272526302
797 84515535 28621631
839 36119798 227701549
524 19919047 840196759
693 81886462 616679253
691 20434570 809188627
513 27542553 439369491
99 37205135 149819930
994 11978919 529612424
897 93574410 129616996
680 32887737 332692007
965 11349928 104831152
541 53150148 573631940
289 75817532 365563734
478 98328731 239710202
945 38360666 243483067
12 39854999 385402624
957 57324271 536177945
56 97871294 341987676
677 75200998 315184893
6 92840976 341858063
202 28462128 227218403
917 62576746 517470675
97 75240706 511630919
355 40241596 680605852
745 92323344 593972766
360 76419023 528685525
675 89533636 54486987
977 9139689 168401058
676 47706901 691999952
