1300 922
692 108026800 899831367
689 14245533 883195601
990 108783610 840736573
1196 88416793 459166234
762 72374405 603687942
1246 42325813 839251004
319 79466971 562913448
601 37794513 965584606
241 23252346 411421619
65 118483432 269619806
888 12847309 704092580
485 96897196 319182288
1293 48122692 105501164
834 13396429 805368347
167 97798121 22320337
770 125842574 423740150
1207 31466651 975155242
1040 64277900 463753621
443 90592476 837379767
1070 126995328 776201738
205 128312770 197189489
178 103599641 867333155
615 45110402 96493319
957 65467209 188713918
679 62662539 955922913
967 2741073 961672480
1068 75864582 591211523
449 106338043 145666174
1197 82046210 459160280
147 6563712 984356233
9 128562261 814217840
797 71144814 812970775
20 54206131 325861685
587 33763404 439929003
1053 120619400 354191648
317 60256823 264781512
1277 15665226 450101922
718 8980534 724111330
297 115738597 814026170
415 128224699 681013254
104 24156019 633229437
884 94913873 334311770
146 102618949 822948526
893 125295503 550676182
875 26769977 377732832
982 21674938 968537172
346 95034895 190706404
98 83808744 764893669
209 59906804 575104583
1073 54658618 683410703
337 129349410 612714161
1052 112972669 1418213
42 47762733 487296872
1132 103256207 141730388
901 25938251 148741515
455 91193787 454860294
862 89082457 395923752
1117 46107621 334112610
539 81708029 35129950
1197 25284034 962339959
314 17467243 503469454
1257 87556881 732035622
820 56855178 696908986
1054 44559555 625681043
393 66162844 386833888
358 1385785 605458947
844 118500593 547109990
278 106549707 243534660
276 86329175 598539232
331 23523033 112987592
1017 928953 199503600
316 70502358 477361828
75 98243080 822489834
664 32700296 155725945
113 21315857 39438164
763 76671771 199368139
911 61875909 924713969
896 18179388 961306282
1067 49295156 534804109
505 77744014 149580994
465 91701114 75321114
1211 125314791 265188663
646 84460487 84111508
673 108592829 394038989
1133 104241130 893102915
1310 112099464 817082506
702 120646998 398515064
1285 52400244 256687124
185 31985576 576640221
1137 78581779 810150526
770 61030113 703685469
248 67185748 370004558
256 37489118 402226089
1094 120240226 569994637
716 4991636 720842923
1140 100802879 610043878
949 109568524 622712602
1114 23275062 5599931
222 126822054 535666751
1272 33167423 475934677
60 32946564 582517956
111 17926225 470210049
315 25027189 89118145
116 27542374 790846675
520 36604131 260466845
1167 1721249 644993041
1078 17869031 655135801
918 118889160 976974439
386 127677870 953564637
236 20101622 133294497
494 9191277 923255850
436 90719766 733531214
609 117436414 179170805
152 90665129 24064531
979 687834 340939743
188 8389810 673865304
1044 59537809 672848225
1205 125243532 680690505
981 71487379 291368366
451 83778206 928819993
625 16167970 749516621
566 53631889 264048060
123 96952432 37098620
497 76075037 94233757
852 101754743 859822525
667 95326059 827985496
574 38355705 325669780
196 124472807 603632017
1169 112892132 588059528
86 123702633 576348169
49 54388326 211292246
616 105160772 357765774
559 45320999 244534440
53 6754668 950281043
445 14317143 908003796
1256 70860581 454318690
618 98593655 28834103
318 45732130 873702773
76 94777863 171960533
230 126394050 602007162
187 23810103 933039904
899 45625535 333888345
5 52358861 115856438
136 103378513 508941075
830 90834902 735683398
5 105164810 751175493
48 115273680 407964397
1292 116029138 391006895
661 49253503 993155201
1210 76598135 321189015
322 37599350 218840950
625 17816317 347019443
414 107880591 995526423
140 107686660 10042588
1290 35845359 351569625
938 58569685 623243
1225 123991045 316892233
1145 119203075 585391290
1250 65329313 423945932
922 44515863 157374046
483 42284167 662812134
206 55273032 513909544
1175 111051220 95609745
842 96450704 100064000
725 35716308 745420046
954 109425311 716829013
886 22713670 51348602
389 89339717 336844733
713 65298191 792648691
274 25444518 973756474
845 107484795 556456203
617 61053822 522144077
113 37827929 459983617
815 108082093 960133925
1290 52349525 231517427
1225 85047201 870127626
962 127249921 652248250
38 77647435 565414200
190 62222107 330842462
758 119670218 823194637
1166 42551326 776139624
777 103803242 313635132
875 92143746 953538818
83 57447719 245170149
816 117329988 921787789
836 87794906 79561972
78 44789040 984588697
1041 89258605 360399621
763 87760257 945762346
319 34791957 109964643
52 86940827 435639297
1001 74240440 369000970
1158 76390023 715564621
622 10540429 640139181
570 36504432 255277869
755 28970330 323359737
745 64112869 688556142
846 71679642 132232130
513 58068382 642279950
1087 30234974 558539765
725 5482392 906037155
414 53600823 916803562
83 45075201 172981058
42 49928784 871237787
124 126932750 996508167
613 3079897 782147394
330 39687616 63203981
119 56129570 635158479
112 68550476 142603629
24 9611570 670166705
1177 35540507 703149937
217 20890549 439937611
505 32259573 704656023
859 79402943 354481875
1305 47884917 951162007
388 89087888 144363482
591 95475460 163230871
237 126974794 563422256
1281 125812882 2012666
660 80779375 720619657
481 44664654 567354457
456 57181822 789838252
278 70264134 230146900
251 126437551 609617425
119 119525397 767512162
725 80600558 831609018
219 18111188 234308881
1230 125901072 415051203
1140 15606211 501578654
1012 91962825 385955381
1278 36139666 303502320
215 14291903 166962728
604 47941015 380144845
425 17324236 147083434
1187 99591484 693807267
399 95459158 122711413
756 4129590 869741914
1080 59293451 363806212
624 24771104 80400385
6 79949560 754107568
1165 35167765 441467856
484 124840144 87016610
875 65130146 42188239
835 88740041 758338378
124 28553586 852725638
970 53465357 538491485
130 6651855 370865782
404 98193911 739312459
386 115834544 451561126
115 128004004 516243251
450 94649876 619695479
944 64716413 888324614
1224 80015283 448120861
576 87909503 419899369
230 5130016 386793267
301 127885482 360899818
552 58079997 180472008
490 78400245 790909639
943 94839410 490323051
402 4925591 675863907
763 1056845 967358485
395 76138591 481031366
1139 90883871 67546741
236 13270109 559774434
122 42042219 615570975
170 69826700 176338035
913 23849097 184223165
185 115607799 74072749
642 13374345 598915351
1221 29624922 441279738
1250 110833402 850710563
721 42370014 662918754
1054 50806579 417373244
441 82898999 463289848
261 121172140 721874026
306 113283320 332441765
6 105313472 391159755
632 64024065 203847896
149 3335696 676458648
363 127579556 486343085
682 129436335 753436705
1088 109076611 113670745
749 79624721 76469787
848 116589251 911634480
710 34673490 489090570
619 36906762 369102908
586 48260910 699277577
355 82859866 578177644
771 127143124 284464848
499 84780675 438451803
99 82148383 732277631
307 43472471 830039898
714 43060749 149065126
484 128580377 908521314
373 117597294 553819234
34 8202821 4086356
699 2158967 226811670
1145 94624092 253468214
1015 6775508 473053459
97 46695544 956499290
459 45934847 650948095
74 124883164 707661965
604 51024634 27907800
696 125285559 134264701
242 126409640 788735543
701 18567114 565773347
471 34691329 762814170
1171 84285127 56381592
545 98980319 738948061
261 73277816 66015339
292 33601584 661869850
67 60779134 961852730
558 39926438 146049985
100 128346875 741315987
828 28464005 797624620
320 122285163 451145627
1236 105429916 363896772
222 33082438 9900636
1144 28492201 841131158
717 103366765 186540392
443 97775564 547088797
915 108037926 204728662
605 82983838 655891666
571 112582159 199302223
1007 49227239 164855959
331 8902492 744890854
848 1608932 233482276
1056 22881952 814958070
670 18910823 181008882
442 10339881 964552609
218 13932572 703711853
284 56292834 152341665
124 43188601 657091646
523 119731626 385335481
188 100179110 497215083
662 93907851 138378493
1249 103460250 792121273
283 694903 632522052
612 18563990 719523224
1256 108266328 480828316
210 75359357 600212152
430 88765546 500421225
1168 10000150 79852384
27 45550644 381778850
1127 10279918 853719458
620 117795963 198553407
658 102432738 848935486
223 114067291 446959055
885 59360020 522847365
665 115865115 175415247
197 121221466 234557700
589 51363649 448573601
675 10836721 661521437
390 61804583 533012267
964 9728662 678379347
856 76737236 890120304
160 106471905 214976948
905 80351309 362833916
90 122984549 39842335
369 44204021 690673724
588 55469608 880094678
851 70966616 791157450
941 30477228 437258963
438 57713990 488780996
973 43076362 66930873
1077 71626975 88887866
156 67374137 469566887
420 75926149 491221256
694 71583525 140615916
223 7092295 617734228
717 21509056 368912906
746 75162343 263421780
503 57099144 5602079
660 59147337 976388344
130 110759768 376686365
1153 33109202 282078077
906 46149818 298234104
31 112516480 183109737
886 113733556 436155142
1076 51203639 338617047
1171 84449917 188800877
1072 53083581 847022391
1307 95870754 941883862
827 87214091 119374545
1117 121737306 182295778
993 43659095 355236522
301 54324743 64841542
1294 121965267 995630970
978 104136501 79680172
747 110111941 975979963
123 79859108 988314936
611 13539177 420606182
133 11065051 368514351
1105 58861743 254617676
1265 42137948 682494563
392 1068403 148714110
1124 122415190 719658804
557 2884002 899817110
476 80059992 792342896
323 75496509 397072820
1139 18915328 268061644
732 112739171 234175405
386 54756677 224258601
941 57386144 204215769
729 104001009 639110838
602 83848833 671147938
159 57553626 505857507
68 93690415 812653422
753 65083682 361889965
738 67876636 47981856
924 16736142 520265749
154 108902365 612378548
601 58758416 905047653
1025 104568426 224732990
1279 104173584 833569916
599 70031062 671233584
577 118920058 73271400
1094 22205401 558330803
702 103291860 9224868
1207 89705004 902656697
832 65665542 736230939
27 75524744 524932317
738 40914840 634448017
275 36309391 584886553
69 128042548 272767592
1119 88433713 225503380
610 72656072 962652603
1264 8100102 98607716
533 28456897 996188222
664 119467187 758814701
1262 83543366 785928545
332 120740886 769995721
830 29882734 259468925
1259 84027932 277240507
1304 30258611 431063010
454 69339756 520896330
342 86202976 819806176
310 65725319 456892015
744 77617299 478236596
137 95599367 841862976
90 110262335 663376038
642 126076139 447699540
594 124545040 142206778
643 39133460 813330084
1141 28893991 650487047
231 84140700 432970800
663 58979832 254118840
1015 91108842 822352383
749 88351108 905840001
301 68932423 86851969
322 107532919 257920186
908 52727148 678150542
134 53479951 718453515
971 25875221 825422603
753 95663941 560141766
133 56296560 553032473
921 81272071 243982573
227 90533600 334911636
1072 72330169 464794740
18 107754542 349332729
28 86869769 385771727
659 12519476 471948433
73 36600733 549794009
189 101723311 269006267
1016 6479590 436345468
541 48807388 196744491
371 11640254 156586885
1045 69229092 50582868
1250 91537157 151117377
454 35942403 897346836
1126 72528156 686957319
97 126667349 15144560
982 94903029 742075599
120 73836608 827781010
729 112597849 517166789
883 35473109 816340953
405 17989313 572032514
498 76225167 471201875
519 98429316 964093873
856 72125446 19226506
267 117824360 388700996
589 126823749 717797886
1301 18103659 933020422
821 124272886 878104252
215 48065591 443877261
305 31544640 564792466
1158 15980332 449563138
408 88411903 523805698
214 27044652 801006115
662 25497773 671176277
853 99351785 871654376
1158 119944365 968846709
343 42035436 149312683
1101 70915519 752996385
961 55908812 780407634
508 75707690 140498933
282 111162443 978627933
1050 28506465 628358641
935 71987924 513669257
1002 56343006 759445874
261 45861980 719250707
41 30371157 105762907
215 46992654 356461800
1080 17612356 643292371
699 105664435 560396778
1213 109684690 665133428
82 105838812 861652785
1092 105627221 221186146
548 93664277 357941633
862 54284477 795276350
70 12852369 598653433
400 121083007 403385640
468 55780997 91258802
557 118258811 255515473
1229 41530339 510551082
259 33166585 809557430
1056 122241430 19710671
772 129020530 289377536
218 7332118 874536134
568 105298495 865383191
453 120543165 145777139
809 39742907 532250942
968 118840614 999830838
488 90196898 117938252
623 15715409 858480273
291 86835233 947723471
237 59348310 547496645
1179 29942837 815847016
1018 95666105 915421548
846 58675197 306944001
935 66884535 272278875
648 40765311 465468405
695 103023306 313763658
878 21136095 197677818
1158 10923793 756935044
1081 108033788 903684749
1304 127979712 789207809
978 2663567 616868800
55 13939115 533905922
933 33068362 733041778
179 1552465 596970240
217 82759123 595613
1262 93801141 923183083
696 10249867 487157963
818 119592628 176089683
1088 90759045 131751382
997 103959978 141386621
1276 58764385 367913805
5 107086376 279674939
231 35804188 718778524
33 81436127 596449416
103 45757307 26152385
671 7787955 988221304
1173 17117347 242171714
899 43012376 78061719
463 47267199 615577976
76 68959930 718380800
781 2991872 334819833
878 31280962 508513380
1012 31062546 287876624
146 14639461 769753907
519 116218222 35106517
211 65335069 428702417
438 75338145 334551199
908 111504225 211260248
245 28736524 817124473
492 112196691 155240348
154 102338173 60342584
759 118858959 955084004
959 116912176 184734082
1162 52424101 980723729
943 44708563 553856419
516 77760469 114887987
256 17552822 579120110
918 79666501 558841158
113 21851675 779319153
883 60761881 44055366
449 12935745 129926733
196 38149177 583808609
1206 81367403 546890600
267 68873038 470676726
1145 118846458 193665865
591 54867139 241203193
751 121250797 805456500
1125 47597759 831806184
711 20462889 530189217
581 113199179 749810135
636 106615776 209513885
1131 13861976 553101052
28 95186723 352067269
1131 65225009 518539453
601 40005204 708890748
1022 29004205 485023306
428 30350953 643105974
511 99688619 650085219
1026 100149974 59011917
840 104090570 612648900
351 57876826 501800799
849 96546660 273965774
1157 124360539 425623193
877 49001012 753699580
283 63027144 407286165
78 89476359 758122951
467 14244001 168257219
770 55441983 232046973
30 59921010 795466711
735 101299059 883558715
953 99620789 212464975
4 83605375 407861118
213 42352244 248023532
249 119913538 643723370
514 38765304 478977626
589 113749606 768681338
917 113529048 183884185
1215 88603099 144475912
1242 86452916 868288583
1262 58532424 120908190
971 27912366 333267049
588 105886525 208933929
566 20547124 989709767
220 77777798 133034336
1052 18540924 994631792
396 26152795 831239360
1179 67234048 596611721
763 44687702 894538108
873 6594633 100014252
1254 42148893 216870428
840 91186619 95989012
513 71339308 472961666
741 32484409 969744094
837 40507199 376104798
869 21349787 294649071
1259 31909274 455227461
82 88243212 110053402
914 13540246 768474328
684 96039760 222818742
492 29864069 127402302
727 43876909 923407710
92 31414360 356405804
493 97878655 312019359
1177 7546745 628237866
98 52704051 128315521
721 3250064 462303752
0 63819066 710535677
1300 43830876 642461617
524 82823480 77799736
638 36087481 967006414
498 109603583 896283971
297 4440350 549189843
652 21933017 230647277
451 118432347 7987987
216 65753765 677587673
239 88014056 893864704
262 87987599 921025620
599 31373464 238582924
670 86891909 786837308
1295 99256736 989056298
394 58688933 100373325
270 21865876 503702628
1131 103866533 864136504
547 38387049 597520890
859 95661881 691874887
382 60646712 359258130
98 26762836 289562188
681 22655802 926966967
850 113858804 431354054
418 26188739 188889405
632 74431603 939621286
539 42962228 912459967
623 7018937 463059420
608 12379669 220526722
1276 9829552 890617707
1220 128695068 234831737
815 26682904 758580959
1150 56454275 486025048
1036 121388358 131360645
1014 58697062 250169852
704 126985298 970504806
1081 116268100 977882617
454 68495438 991970943
806 127966294 257773528
456 113521362 168065211
532 89302895 503276518
1029 65726815 776630575
13 56382848 530452121
857 108494942 206031764
1140 100648030 815609555
79 11296125 892853086
282 63495326 593699011
203 37606868 369186877
1155 105992711 581227344
1053 90594671 866901538
1111 14862961 918638308
1185 108719210 289114681
656 109660109 689304942
47 77375380 519042683
797 37457276 813202099
506 38121994 26785464
1264 10877 842100545
1209 63734896 137671263
814 98860849 252547082
1233 57292377 68449675
330 48079536 454706915
832 108267402 623428804
555 113794406 54560434
1262 89321234 67738434
104 54763009 726801757
1068 60647796 927309629
791 96875208 438693598
485 70166304 909806074
67 62936204 411219266
800 49993519 234722276
984 43212709 936696188
612 20821701 878350700
353 29302792 617031432
1285 92658459 59237964
859 12897971 374725471
541 73604604 511860458
521 50147744 664049470
390 37006097 391833768
1195 35505860 838181349
117 41080966 948504690
255 125010146 710958861
90 122886761 562120324
685 86174601 564276712
1011 116666419 192522951
376 20829123 636756229
824 14120291 98680751
192 26892512 774512856
731 24048455 106241839
11 91207937 710127580
1081 6246304 291827508
272 59551556 855931497
764 87481889 769812742
1040 108805901 904117594
1125 48719623 516545039
517 61016588 299615273
643 61348116 355366025
293 24653610 119266839
80 56770407 21515974
1076 105829791 799136360
574 87891126 491498815
858 79879046 123149152
151 92545845 195900878
465 93316266 174544086
604 32859285 398268738
730 77185119 434377215
708 27848760 229882586
1105 109330471 921045114
1052 5392024 932446618
1136 110720494 610512447
1175 66994303 268779486
764 88574552 672503841
900 60095349 161774624
1096 103585712 121842596
485 31688232 941485040
1089 80752736 637090514
422 113548246 100531178
1022 47478166 85990262
682 72343704 102669591
1093 89354595 861015313
440 117873234 495800314
1189 9133833 180722067
804 120320020 678657421
809 13448253 680371874
326 30501116 199875679
539 104928428 550123594
434 31533766 117459667
287 51748658 497752856
527 52313076 841213183
412 15222618 80078932
100 18110238 464585789
562 69091952 629810535
257 90116359 192045226
661 8464601 533780709
306 30991491 992921466
451 40235112 873521902
1287 43725831 337208174
338 93180766 739516208
612 3764520 738613306
878 101627996 503266326
514 93292252 612389317
1255 119620660 208713458
355 109470436 770683774
882 74365705 521255586
320 83756264 872922013
705 52391691 616017882
817 55123428 888488846
1074 109322529 771436482
639 89364038 422396227
400 68377479 371329764
43 43307713 807405538
931 52620552 609069808
30 52794926 794491581
190 119629515 95535124
833 103376234 933021818
55 67829141 606309624
265 111030402 779790375
682 107177108 586046183
1287 18057298 348301673
43 104625699 460092675
731 75843445 541599767
1106 14060182 584198499
970 122582337 995565850
149 25068123 783892352
1050 115188067 908866812
213 46200468 583359676
397 120851810 412074728
941 41161256 96746037
94 91786530 504465710
1115 7940723 543719284
971 70211247 526726836
165 103476472 732508742
232 40476778 194244875
205 57693696 492643234
680 21338113 751299407
587 84616256 477285007
1072 92084025 740562614
848 36653580 580231317
56 17040272 301703442
1284 60034841 253505522
750 107759532 739637535
937 81316273 394305690
998 6143863 984723807
1092 22856231 579974410
879 123670846 905916101
198 111303535 411281826
8 32254618 829989591
713 76515004 173688840
486 13585783 941216748
54 55941789 290418113
319 28526675 868225626
635 35435002 460703730
1185 105708978 772804002
228 53578046 457184336
189 86644805 732213713
546 94597451 913417901
520 81590348 412775567
908 128959287 941688990
38 37855123 557178326
724 33331951 446499251
752 20334775 477556633
363 47010501 280871492
39 119052082 960926623
454 55088488 819587769
972 110817980 709611530
1049 120173604 103229662
1306 27407935 282251683
221 85034757 319492895
206 36563715 892253733
358 40559591 757504525
261 57657519 15153672
735 63178456 417111367
1265 7138111 646494859
875 96597046 810135091
713 71823547 306269098
437 19842337 69881354
929 75137154 379990218
499 54515824 105305927
840 43667350 80956453
1176 125738844 314812966
974 79749068 495423945
166 11828505 549626312
270 27887611 574864782
779 62605591 217914743
497 96414923 557731368
162 66847425 921199869
1260 47168209 390422830
1002 108543475 911978971
586 114282704 123568927
738 4138717 803068393
882 83800008 839107397
777 63211079 823930836
167 89619745 183374887
757 68826750 791200495
663 11033880 66892065
494 86117166 565452563
901 58779414 985376734
99 5721715 382599586
202 54737427 813280371
1213 44046583 480961647
263 123452587 731375720
159 107993368 346140626
1137 19067612 359165489
402 95452496 662236850
720 76736079 593474313
356 77169612 523370342
558 10135767 720149508
1236 119458144 118672238
956 23581603 547557987
181 125253535 200234160
906 34977136 129523802
1210 3846273 169448380
1064 54091895 123739000
1211 58155189 528475691
620 51106451 814356778
72 26091745 921988196
1303 108494229 18407585
548 18630201 279179544
1283 62550424 674870629
1221 36579556 531518457
613 6343004 497718090
141 84328888 363176620
391 111275190 767048677
259 127341497 567777354
694 79096309 176191242
804 102953587 692036649
790 125168123 827830474
834 3969617 596475908
656 88724339 847513069
982 74146126 736042759
1131 85140389 853230329
21 15755708 924145188
412 67815753 712968598
909 109335368 29544829
684 32035389 652028032
209 85252997 330313782
473 53804064 755311104
334 19185979 108776405
1161 128434559 99467569
271 77126916 846171923
1122 38039783 185061161
