120 100
25 7755264 614102019
127 6156617 116102678
0 2950861 810104335
77 5673615 121240856
18 11457551 575476484
43 1559246 181078474
104 838882 229081774
104 3129758 351865941
75 10033971 881099976
2 11475200 930650011
41 10705095 732475284
67 6653881 88263937
96 5200387 577630067
63 3815813 163556831
8 10856592 651895165
45 7835931 43077270
109 7318662 239463285
41 3320056 553207426
85 11260549 889225624
117 7937254 320285263
5 5960281 978778591
75 11275913 156363553
117 11049743 245426709
42 7869479 989514600
117 7818934 65839657
123 9113302 812483847
126 10048999 315245431
81 2403410 433870417
30 910130 781659750
49 3523482 784730694
66 8955707 327848915
76 5401064 203845090
110 10038016 203265426
74 7841963 14584623
125 10676406 36711531
116 7467195 8826237
114 2779432 805339419
112 10060381 920414809
9 4210313 601791026
59 6665124 86720033
6 4560361 707260670
81 4051478 458505153
130 5337949 317356680
114 6462714 281763674
61 5072211 733404339
29 850092 298990400
59 7976769 389794860
101 7183227 656530715
107 3589811 387704325
44 1586850 685544903
11 1808867 166638155
50 727709 297376037
37 7983917 393031633
108 9147264 782335830
71 2681435 287180328
123 8392440 707159571
65 5791767 423967150
80 11390233 888446029
72 10175189 750078459
100 9056783 184305382
76 3758684 169437325
7 7477648 753974940
21 11893445 21676483
108 9730213 246018241
115 4425153 309268467
129 2944726 241638719
10 5683695 727671364
125 5561063 274758496
49 9116454 88378002
42 7892280 655968818
120 10034380 295282562
23 11589230 803650114
50 4389490 249370409
44 11238602 529848478
42 460703 742577702
128 4776219 637786285
48 1691304 220162901
78 11506973 943415440
63 9249977 588671644
92 4906953 45924192
102 1879756 936014071
100 1291656 861243008
19 7516609 556185836
91 4633904 21764580
122 10821152 346817500
103 10790762 58994146
51 445330 563423284
82 4191034 800155126
32 2283717 432121148
1 1783146 894535502
36 7051801 838405758
3 2174766 362116799
95 10411842 441617292
55 2028763 571165842
8 8390929 38646177
52 3101941 686642314
3 7986418 605442969
34 8795177 186776215
21 4923995 267165648
68 9897682 134147741
