800 100
496 27895879 172366327
629 62653802 486553183
91 1806925 359741501
140 11511498 541389105
593 72822264 602083301
189 48626508 392107972
420 28158579 316593095
132 68600893 116592390
59 8800278 589928730
128 10480171 675533185
24 71390410 483701905
340 11407203 502667350
613 11974414 916089343
402 48506052 913116126
103 31336816 669338411
316 25929845 178193442
373 76318830 284482308
424 59196434 418016925
385 44281730 929016688
222 56737 22744145
113 68716820 63893778
36 29584473 679440288
306 8585079 554671188
310 19481068 574957197
709 73298224 315727605
117 38079209 107072697
196 75547094 615503927
416 49906353 948923101
620 58837041 951070874
535 62158144 634529632
759 47218637 199119473
109 48908309 492840400
358 10065355 779533086
697 50046622 540317678
131 13252779 540775121
786 59023728 937069685
764 68210061 472641865
107 5222611 249394058
809 41374618 1924933
585 38609529 143024794
228 46284749 240726626
329 6465127 275263582
357 36251934 29274003
329 73413462 325316134
328 65138091 952364158
772 33541704 836736261
537 48470725 87763070
483 14894133 774396362
581 16662286 683768303
251 21864600 270651594
274 5312325 52135226
532 16898889 816496803
349 13507916 828908567
709 39368104 514625054
193 63858917 172376468
97 67564023 699663520
376 8431091 752872391
789 7357900 917823128
255 16621471 803159663
300 24645007 504381747
187 48528944 258758894
86 72841317 471198825
326 31270187 890247679
209 69356819 203678344
122 28065854 863615297
660 31012908 570616004
240 3264566 610569787
605 23639835 255235550
492 11410433 900892573
562 32269938 573546135
233 66029396 11123039
736 45027652 874706435
602 60238410 657975301
754 33731928 974293589
385 8539209 560855036
204 962778 736963474
808 13521403 671474798
651 48375849 875349717
269 14461008 429025171
137 8618645 936501721
389 33129238 873641480
302 30189898 72370809
740 54843538 867795078
305 77988443 507196546
639 8493890 490819144
468 7245335 629322072
290 18326407 589029088
266 59230416 647067176
268 33973661 145210053
44 4131629 99320559
354 20039604 130488573
108 78051676 973538070
297 7693813 510773492
550 3332340 675905137
699 12054510 845938425
310 23163354 554410047
780 4875628 850506058
622 15319259 472580974
514 58147205 434177784
678 58141864 342835628
