7777 777
4845 690258165 202410400
7249 273570733 4937921
3140 685164602 669552294
3756 100989844 984421751
3979 449036781 722520511
1063 463032815 30092197
4929 102806091 824598624
4376 20118552 389434350
3989 506835054 420047801
7084 607131802 675048866
5330 305014614 716692255
5305 559284947 859423754
5759 226075833 951017138
910 119444677 436345680
1524 389616802 992807267
1259 768774063 10700251
7340 439750430 333676615
3764 658410626 329218918
141 762363337 228923207
6967 328084662 178243571
3168 512565625 878681273
1032 741893410 51926982
129 78953491 825320269
2900 579585028 407122289
4430 4453594 686486329
6201 98840849 531836521
1839 690111104 520607162
3157 551307085 344942726
2146 436716598 999776517
7384 533948947 365917230
5855 421365710 225098952
5951 418456118 1653317
3230 277402125 554386983
173 188963733 489949995
5263 609830317 952509937
4801 22530450 397841379
2119 551007551 206050927
7145 545407841 729900216
3129 170245407 379375114
7429 461724778 36134367
4911 557820365 366330543
3544 234402730 159451746
6609 255641414 639090251
3170 674800614 652860822
5598 188302507 839058131
2247 119028382 633513149
5582 300523819 428828550
6974 330625790 747550264
2299 238623567 564957155
5365 235386642 700625689
2272 591313717 791091442
3571 151362727 16638287
3070 281327504 572175030
6283 374428848 604632315
5073 533051245 862144936
3529 80147883 357268598
4202 70040307 435074087
5118 518817494 926932205
3930 381663324 78720336
3400 212325921 692655143
747 481101082 487355369
5194 689075766 618385118
469 228044996 167049975
5073 549771158 586142406
5811 281571845 963448357
7259 617672607 405109106
875 81908426 643063738
292 265995536 947918116
159 680149361 883499980
4946 265838303 352281029
6197 293545389 437485575
6716 558872381 967754527
1313 195271839 763429349
1215 483386427 571266154
1025 513493923 605622737
616 117230226 575841494
3389 758266012 895401741
2194 279578398 496493849
5584 537277826 179628461
5991 325122076 432698516
5254 249865298 753175899
4020 573993800 82126424
7463 218406272 303790656
590 527899587 317007669
7268 310457918 733589668
3766 258980339 277649982
893 243496468 740999986
2203 106781224 948276604
2183 670774406 787360723
1434 629171003 835066297
1014 323138447 714459955
6146 507360880 642777973
3628 748713198 664172799
179 299246745 516501686
4091 669571648 265631061
1849 315011255 114318922
745 159602727 465119913
228 486754057 167774635
10 531719237 864871366
4565 107042640 39954917
3383 636722494 662992484
5509 20877926 989693499
5877 693254822 62771876
1370 564244643 353121635
6835 525975345 176200149
232 558569152 618569788
1740 737590121 34038174
5397 209988990 242457230
5560 617190988 532700363
7212 729496942 540888169
5458 676129038 399281910
3702 754205023 730830008
6434 500702731 307546181
3882 523988783 202254604
2871 314710258 420269938
5394 177321017 773298727
6575 317200096 20574225
2518 21699802 923460992
4629 610379766 787657436
3084 627541820 303088714
5003 295348807 319455534
7536 32180686 56453236
5701 310963891 366691146
3406 139712525 732592580
250 674246598 235985179
7498 542171989 230122474
1421 81015443 889880214
3931 147475686 289747722
1246 98397970 335416468
4166 691464821 154705502
434 80275500 771278627
313 158030564 553622688
2184 209973129 104691438
6239 395409785 712232491
5953 14982873 280027659
2058 145406538 896038955
810 282426543 779541734
5111 411144555 919795233
3932 739304536 509574261
2981 156312884 994090223
6796 704443772 661213594
2428 198568803 506854356
1144 496928106 636883028
1687 139482056 289509672
1870 532718610 702414156
1682 509399634 634924901
5715 426154462 363811114
6561 20492593 666077135
4702 602140554 505074705
5928 330435282 310066121
2937 455558990 352292615
7431 756379798 982563684
4940 396210571 636833334
5949 140688628 892075205
465 393133150 516326041
1948 341544521 565216526
24 518313110 2599853
2211 654134591 851889010
5640 622111737 185213712
128 18421902 802797487
3872 735361414 85603327
7079 280518044 53897158
222 744980042 160661585
7595 752368357 256792081
5861 98620105 129991222
7474 749402485 79634837
6498 594542816 63681356
1844 487899537 949374225
3501 102754585 939039971
7581 492532517 419586564
1896 330583621 63591884
5590 589948332 87883580
6756 380690460 153541124
7146 733984228 751089949
5807 30744136 520679762
6403 140768949 549145377
2006 523046886 486315691
3344 221464628 343628858
5555 556079705 833263494
7174 36521285 704951623
6005 221706298 281724984
2317 135487926 357454929
5018 552078080 79050341
928 766646328 873451599
6993 462852879 42451863
7087 614698469 71069713
237 189344795 907034760
7245 383752669 439303993
1318 122377575 360205709
1346 274095592 997367630
1982 53183071 232249047
4090 291785774 85501968
1650 138464808 951076019
2426 757253171 510242837
2130 422564429 989971482
1363 122618218 153959153
1066 116337713 302689712
5792 207183516 511373641
7371 373440672 561118509
1820 755667142 652209655
3424 178341042 772753220
6332 516975248 48604707
7353 731766694 788405699
3406 704302064 510394138
7108 184461825 490339658
5235 364833619 796946984
3830 117796221 806333488
3553 504872547 170178807
7542 240233691 761003298
3072 589115390 272445966
3919 365968424 682373802
6737 510890186 234276567
2644 356862379 522905897
2988 705108611 926080018
3863 151159947 903705779
7536 178737453 702906223
7598 413671772 582591365
2212 198953329 534850795
5854 500078900 602660945
2432 136603660 398784361
4664 81051564 996873845
1420 326153187 677065448
5029 580219828 979423062
6011 213557377 586266771
961 569887198 439241475
1272 131987766 785850459
2627 482351587 67908923
1773 489519536 614447515
4207 670112816 644393537
7720 190838593 660744031
4204 123098396 979779279
2239 119447513 103143107
5952 762916143 455536377
1010 687285509 789434934
1541 769017287 761737636
5852 474344147 571021742
7681 537144355 515368366
1561 125828735 122966223
2357 163171436 392835355
2825 190282641 649215099
4546 69358579 826561551
3314 386755905 591520477
5188 319941096 871444851
7119 462006382 337960541
6332 509345930 294058729
7281 4266773 804482678
5872 514855372 9616205
1118 538166628 152904664
1896 434591692 995975091
4831 199346642 959085905
5659 416408700 358435225
5433 193801042 475770879
3635 560510097 915848534
327 161933829 933383645
4481 20205747 789509799
5615 153576377 676643176
2311 406377846 320287643
4847 216523781 982125844
3488 543525960 753444285
1086 448856975 744107659
7637 220024848 123064365
4651 108171504 471343059
2057 327722923 141810937
5404 86234123 986238743
1435 244597935 573452118
638 506717394 939839422
2286 551019388 974258723
7676 677680945 794848877
2137 199071566 947460571
7426 254556304 265209320
3572 571364577 324641969
4456 285651345 455901164
4095 590746172 623619545
1747 295707908 177177504
621 722712264 414127772
2626 173361357 206842539
1463 61910524 844498444
1737 166112169 281535101
3194 462942422 802108208
2598 178549797 61145308
82 242029440 68540362
2248 766353979 289425329
1844 543667341 396936077
5508 472642247 937912366
1117 316863029 840283752
7046 17304511 2945993
3140 674507640 902056918
5144 18893731 857512306
3554 610659345 493305624
3109 169772220 492263873
7181 684800400 791595022
665 79845881 983249252
7303 263850546 528088888
711 91150936 841468018
6290 162002060 629769791
4955 78219054 421855914
6887 763993238 676938306
7313 29200989 256948417
2715 219061725 309475991
1086 65847596 469494445
3790 195521359 458041484
1389 264619070 989256626
5412 9858711 264232665
893 765756474 695630837
4740 351648281 341651851
1378 150075642 147260817
5106 219122760 93778123
3976 612365478 543122554
5915 2912565 491249793
6547 711859606 972392393
7011 775010857 657506864
1192 549957567 954870556
7672 770315249 799242712
1976 221104889 544030607
7365 462627978 461062326
2974 500700420 872393095
7013 758690766 642396402
7022 609932651 515530150
960 487862783 385314225
1112 253260694 209218031
4857 227867023 963095085
6117 593378858 481936107
846 513306595 647553006
234 103473177 367897067
5161 372270158 138666088
6774 518922681 118166751
4340 52699070 336618936
3424 445404587 915072104
2207 181269048 524324267
3145 154700018 649225323
5600 170557233 351973020
6503 110574763 879044617
256 683658420 547041382
6771 354926781 894429232
1904 236837595 226331317
487 435352634 126218759
269 213263884 86732496
3151 19442015 609162816
2148 667160192 488983359
5501 442246529 586195001
5708 363135952 946675007
5339 335760252 141891421
973 651389882 671529839
212 399304809 192100022
3014 694784553 948208726
2958 30528583 837653006
4022 609521548 548948215
7782 623877153 438390816
2988 390451682 669919182
1440 370747277 725821961
6388 655699304 373128571
2006 630150835 676034788
4893 20707282 964890801
2312 475162729 843671825
4791 484553945 559597050
5941 372759612 763781799
3171 311720372 617524339
6107 371697541 439615263
5670 522138583 67167949
3688 138922184 833260860
5756 705072877 271508286
2508 82111714 440410712
7466 57620021 804415677
5154 379688341 141219165
1241 179558334 349171297
943 737209761 525670470
6088 48557305 792762364
7385 395197651 889579720
4683 383457703 623581149
1735 395329368 674201937
3401 507768622 611183697
2055 701047965 310156708
7420 122918773 682252672
145 219475727 599928603
3127 376842150 993596424
2635 407853802 458187229
3813 633101599 704881645
3278 566865964 147799065
5368 743246205 459967897
4848 176321800 856035743
4615 276708614 474424257
2457 20261782 463503388
3128 547729993 611010121
2567 33005214 520955222
7704 504576511 944919648
4064 29879099 585269604
2549 105883557 698005804
383 565151149 417456964
6606 119811459 190508018
4899 621995286 740367366
593 725180930 673802073
5374 86309771 506427328
5756 271116471 858077008
3033 37712850 771174862
7684 501190943 719822272
1763 349710640 372328121
127 520583066 66736063
1837 737433377 973564799
784 227946876 482731127
4900 445913607 805174300
1645 8287297 98750497
6036 411734449 21128728
2871 393622528 649196501
5156 136641868 320578016
4633 226410172 218487804
1305 638269252 29513490
6786 2810075 220138024
52 246147651 819459686
79 426287060 28800044
5228 706887008 712060027
7606 358964421 681563091
3984 227454135 811232733
5487 242905267 806445950
1628 420957822 793267761
4712 137080557 919020345
6993 504964189 278827830
6404 223039997 395266162
5719 551433497 927684640
1611 625396344 539990997
7383 255381769 785330617
5281 630752290 70564454
4324 717554813 950677593
4671 570950955 390911190
5338 212771871 267215769
5413 735659988 947687991
457 309676412 301083764
610 221114426 642700705
2582 373348035 339914209
4313 691147637 324347213
2801 251676018 276080280
2317 246829729 847475404
3930 543730571 636189403
19 686108300 736548509
5856 235313427 201267393
1621 395460429 625484252
3219 655055460 950425263
578 68987063 871702721
1052 551428880 97927023
5825 15336973 494056222
1004 775293247 685725965
903 516938025 50281135
228 760244248 379105642
916 414695079 170098557
4175 250285678 283398234
1107 342392007 560036461
4750 342292379 43642951
6597 256595111 69620048
6002 106952171 565325040
2008 635038285 682516942
1784 445598052 393366721
2953 238942222 476393368
4657 468548869 268854573
176 188762453 641533702
2360 218349870 587482272
5454 220825780 393745471
7721 739854034 841557651
2343 88469798 923222383
6683 732304705 572985613
1288 115060670 75718023
7092 423384898 729295010
7263 70472701 155307726
4707 302369008 475228399
158 551981084 287877246
2270 718639151 913253755
6005 7571134 304072977
583 130032588 247694214
6788 641270634 112722359
7428 603803971 46388493
1503 258242236 472659640
2469 4538911 43831105
4623 171430695 345364719
5661 294777260 218547806
6978 223284730 711273052
7399 684596498 158377775
1079 385174757 993980884
3043 59256025 258762371
6804 344620256 362477878
4649 663580661 701857604
3626 506278630 794368016
3721 36822509 11885327
1861 761672669 163177722
5108 545711537 973121748
2376 218865914 748593916
7641 478628676 227628442
4664 484281726 205059351
5962 244532891 400150740
2593 532971366 497237412
4425 277496445 794089850
3336 297494333 882149294
6518 179337870 415354787
4299 701805072 468924977
2472 269276423 326023670
402 496363719 807436140
5160 699266173 4842337
3027 401977797 374656069
6952 414224546 794304584
3455 378990805 106755804
3899 427408778 344320587
3042 191217745 747464007
5544 747083492 755872451
1177 220577907 928376080
6928 373912003 686841350
5999 690351916 384785137
6409 347802373 108771716
7773 438961705 653935652
1104 161754806 649367872
4009 221187026 284593902
6286 712066476 553451153
3592 625253480 606431026
6039 329841038 470169305
7491 514337581 979558412
4687 62590027 102637870
377 713369290 920944895
4797 101022282 187396285
459 569872346 377230540
1388 182162426 941033526
7179 498505518 864756281
4691 725640971 966572737
6248 402650568 964152419
208 260235698 250584499
5246 347045677 405685369
781 480639417 795930581
5114 665124766 755851350
4706 412161003 392874454
432 286659577 687953912
2207 396301214 203426137
6740 51674326 588148343
625 724493698 105438336
6346 515372519 997208205
2782 535796586 620046920
6729 572555144 259870784
145 570942498 894372808
3911 152435604 660195941
3686 449962837 156788197
1998 75729724 591268847
3175 664053225 31828159
229 675808233 585172624
6072 388440703 913782852
3404 371625325 981002985
5444 204565917 416796755
1477 365162290 164083242
2591 432466233 672381743
3217 743378395 585777884
5166 767851634 145707547
7218 585206738 402179818
6373 387067746 257342233
7270 401569097 588361529
5852 492579674 362732445
3655 185468346 844408939
6282 463698975 712160557
852 688239480 249583203
2929 454792118 569360286
3944 428699325 812311994
3141 227413196 334052997
729 349729816 272853161
3651 104042807 543823545
3923 384893807 165106391
800 566423257 770907174
1254 140687067 126398209
7651 22401698 763206945
7617 171518100 121470044
3195 200214660 600710461
4368 419302305 52120399
5433 747009745 298676491
589 770769207 593865852
6906 228844586 899538097
6426 9905821 590872610
5963 89705015 789204642
5613 323775103 695482139
2977 696932139 656430794
6747 602618140 481268429
3635 694210261 432251802
822 551952563 875486575
4465 88275099 356296800
631 196088773 469840428
2776 471898292 303972963
3143 44257374 876860147
3215 468796577 668442843
7085 706766879 704916152
2952 452078014 225357745
2095 82259293 63659183
7362 535156307 565149605
76 652328841 338918636
6873 60439491 920657595
3714 414898455 701393351
6160 297238789 665500814
4668 307505896 627892917
4101 167970890 618693141
1950 738447603 719972760
2271 417355403 687347582
1052 43744823 188747821
5368 621794776 211118176
2016 530744053 48511063
682 435832290 924955535
2220 366484675 836267423
1240 273620340 577249915
3723 641201876 971308789
6080 629482360 74021274
2566 477324127 433081073
3286 382658592 94623500
6058 136567613 354819138
2369 557615861 797313228
6987 91665807 539062346
6693 40556446 180364384
1172 572555884 866152760
6394 558872165 704886452
9 539484105 760533842
5868 38457350 437309118
5157 40217764 5079953
1747 209387470 756297531
5692 713761194 536043690
3237 456050068 937614636
6820 515915644 8873108
7170 757420445 276125728
4840 87515116 395887132
3058 214685425 879766148
7608 376294430 727202428
7205 215595963 854145043
2332 576584830 255493740
4642 17910278 838135349
1690 489655249 57018488
7065 251113101 895238246
1838 303428890 461907251
815 634195534 224943899
4408 681533567 829191460
6019 772339603 243512828
1099 396461369 364563594
5152 418442255 320384600
7129 215860780 837907382
5236 621867106 267740364
5286 381980608 570060383
6122 574479307 794701812
5482 277785873 683810149
4835 114628535 352888789
4203 136237541 25877020
5029 531963824 343286749
1677 182507152 128119041
1021 356072702 829813367
1795 727543108 183347619
6626 733837988 8909664
6622 775907604 90626894
6398 485153804 874146675
6284 555461724 263909290
497 179309727 113450800
7316 262544937 290633346
2251 42790149 906969225
7540 741493554 556714850
1846 449208683 518051070
7115 288264503 778597596
540 452328704 447855497
2819 685884082 607540331
6493 627024489 765869403
4474 31131134 578829158
5841 470520447 771330342
108 602433080 356969317
5701 720955885 229467576
1676 443457278 98258108
3211 686866017 634996025
7651 517032358 523959484
675 459052489 131588503
4832 551797313 863615183
3258 65136323 373289370
3834 340547533 38391357
525 323200068 871812804
2887 131624742 687185989
1887 252108415 603206410
4874 226455797 274521674
879 137116222 362192423
1083 109540780 178182791
3486 225210127 187257530
1993 299770000 269862861
7643 730431741 798467255
1316 584295033 2114346
2371 774790816 586786553
5040 753839149 17566896
998 17336944 865260353
865 177231115 90576280
3027 4292988 610802855
6485 391915744 172306814
3828 296650468 189462311
886 561789661 812713342
4801 546739208 830037943
4776 69488679 345194772
5615 646283203 459010833
450 403474926 731062310
475 287575645 518616772
6083 774846400 583072622
1209 712946055 328882468
7312 719443241 727894468
1889 182016306 436658477
5539 529719158 831122244
3104 122720016 925776344
7303 267483096 180640655
2567 285792060 741432703
6303 657256776 301117
1599 366176184 562708685
6400 576924049 567295336
7714 260468032 535146983
5307 527605395 58014461
2904 295922161 865160356
4197 617574141 233105060
4709 565352027 343931861
1940 513770565 79032972
4238 522033072 919390767
5246 545823986 504842239
574 230832360 72945116
4065 233370564 363202313
1371 753361251 369416525
486 210669486 9196905
7296 403756771 822216983
285 367757535 155976812
5437 439175004 321938693
6317 689001809 385037529
3365 742082812 155787808
2404 769433638 966816326
1503 735490151 384184747
6702 312886367 325268684
952 256351167 697828438
7222 536179631 813128910
83 580862158 292660530
1048 247946213 630094771
5401 564154162 245018108
3016 623248869 826559293
5599 348808178 618666541
907 610056582 61503745
3458 150557845 513813497
96 752079332 543287413
3194 100311807 283549974
1029 446633305 156707876
4819 131451384 405657762
239 161078115 158620744
4639 501182634 706700878
4132 462148793 905562825
3003 550821624 378944627
779 381248790 475547755
1707 321514024 881483181
4657 702210099 482002794
3547 436017479 292143508
6137 121282134 684624339
237 431888216 680887600
2304 252112925 715377293
4697 287993338 248766731
7222 612562235 367780060
211 764869536 724877713
6693 9523114 248251159
2939 246424025 666612875
2808 696908162 87470363
4261 495428619 655899708
4638 769413270 428106303
3122 102096584 748929575
3101 183700495 303610027
3715 86271090 654473229
6384 572859656 456337864
2940 460602899 866366943
3844 296620186 16515943
3648 184794482 135562157
7362 442815978 6014807
7331 542780345 803989223
645 252117332 350412576
4292 735855821 808193056
5967 208045317 858476919
5418 580234672 705954423
2828 672260682 236301699
952 139433054 201806483
5434 299687154 226536791
5455 765387730 654469793
2310 63751037 970866972
6970 344294164 110951839
4867 106617039 219965845
5911 245027073 183477430
4830 168031853 963820397
1526 281661275 377053253
5565 561717873 232213447
5483 647873730 775115891
5896 442566600 640222392
2096 380861966 154998075
2400 43522837 517912558
