182 835
12094
26 688
11 647
129 83
128 652
180 335
73 753
179 59
23 227
3 632
73 719
84 475
30 297
168 543
151 355
132 798
18 720
82 690
113 792
99 249
48 617
110 191
121 230
172 535
176 716
55 283
87 139
115 503
155 36
119 480
24 410
161 289
173 51
17 523
121 81
59 11
72 456
165 629
40 737
170 780
24 470
158 499
1 290
6 805
28 151
165 264
59 359
5 446
126 605
27 129
34 758
148 283
146 194
145 107
6 200
173 417
93 324
136 239
174 160
142 567
96 806
139 402
81 589
64 639
145 410
136 394
46 91
110 353
173 150
105 464
133 390
77 123
53 329
0 188
129 687
72 162
109 524
24 204
72 427
24 435
33 804
117 338
16 634
64 689
128 657
54 581
138 90
27 420
23 634
34 1
170 40
100 82
20 745
12 185
69 600
63 211
40 358
178 680
145 45
93 205
17 511
176 756
169 395
31 830
66 757
106 657
17 658
131 535
63 262
174 336
84 235
160 452
140 772
4 674
55 62
116 419
47 832
11 255
4 720
135 279
166 126
44 170
30 248
72 562
175 818
58 615
90 535
26 276
27 294
8 768
32 736
162 417
7 185
158 101
82 510
90 532
88 777
46 738
128 198
146 517
86 298
1 577
124 604
118 346
127 731
20 0
22 485
71 675
176 164
19 592
33 74
77 247
57 608
29 473
106 701
25 738
124 234
52 729
72 63
88 6
116 565
27 833
175 762
27 38
168 475
61 472
136 347
85 99
47 82
73 376
102 611
9 552
25 723
15 293
80 133
5 607
9 171
120 633
108 377
146 659
103 236
74 489
68 595
161 439
109 611
96 522
151 101
43 563
14 618
165 171
6 137
8 134
150 550
37 143
146 748
75 12
63 423
6 744
171 665
46 269
149 596
55 525
169 717
93 642
55 50
131 466
130 419
6 811
16 476
118 427
154 826
133 152
80 188
93 703
151 486
42 364
74 162
118 68
102 477
138 178
1 734
101 158
91 319
92 106
26 58
93 228
103 371
98 592
60 777
115 310
102 185
112 118
55 565
122 746
146 374
31 268
128 384
21 290
9 414
125 16
38 162
17 43
123 631
84 165
58 487
161 566
77 147
174 303
61 686
57 628
65 210
109 540
179 679
157 364
37 160
122 217
39 186
90 178
181 499
174 8
62 576
97 550
40 580
22 393
121 651
178 155
108 265
28 312
56 120
112 193
90 329
88 630
9 646
144 17
172 463
180 318
147 315
178 527
159 758
128 660
179 290
26 368
66 16
17 669
174 445
131 172
106 724
98 406
57 357
57 736
115 336
150 418
64 798
117 164
138 796
129 787
24 813
107 247
50 328
14 599
152 363
76 534
75 21
42 498
81 805
123 90
95 200
37 477
95 237
146 556
152 152
1 129
26 61
73 395
127 456
74 444
10 592
174 408
29 666
71 570
137 408
161 68
10 597
102 559
0 324
117 585
61 557
106 67
65 533
161 701
2 401
114 42
35 807
74 75
24 405
85 350
72 747
36 149
163 559
138 358
109 789
177 457
139 506
91 406
125 579
55 699
8 785
58 150
128 388
16 598
86 450
58 816
18 330
124 421
92 810
71 363
125 45
65 659
55 701
56 683
108 699
85 499
137 377
41 446
59 171
90 93
43 779
173 439
63 770
153 69
143 251
92 95
145 496
141 108
117 134
85 556
111 738
68 587
9 216
95 749
98 322
78 701
173 28
158 513
61 728
169 7
141 17
160 566
170 152
133 35
58 813
93 446
93 421
121 211
45 384
71 674
85 299
53 659
14 109
107 301
144 372
151 585
93 82
21 245
170 417
98 371
134 499
115 643
35 460
143 417
159 492
132 463
65 434
87 191
122 785
141 610
88 299
37 51
67 63
57 369
168 563
52 634
136 50
126 277
166 284
91 680
105 391
146 375
100 605
32 782
147 431
105 231
130 193
139 41
145 91
116 465
163 586
170 787
63 800
63 32
82 666
83 58
146 21
101 237
127 80
112 583
77 40
115 596
8 680
55 475
172 95
118 770
165 758
17 598
179 488
66 526
149 795
38 202
160 673
81 757
77 357
157 805
148 733
63 47
86 791
43 425
132 142
165 80
59 56
49 279
65 393
55 789
24 207
110 65
162 335
115 644
7 14
3 834
33 343
28 691
46 800
61 56
38 525
24 170
94 761
86 204
84 357
139 788
111 4
40 431
154 385
103 712
117 182
53 497
144 138
46 637
158 348
65 1
168 497
42 297
9 208
162 416
10 241
178 344
59 51
72 469
37 650
125 763
110 491
168 572
24 390
132 639
62 701
155 63
13 698
98 682
55 768
19 732
86 530
27 230
116 621
143 250
41 340
97 70
158 668
154 506
57 373
137 716
65 454
114 748
155 325
7 79
176 167
59 667
84 15
113 681
14 783
141 805
136 111
161 709
77 643
15 706
24 695
7 1
10 9
34 746
159 290
180 371
176 19
170 762
98 784
89 269
28 286
57 663
86 469
150 634
170 482
15 828
106 461
105 34
132 99
55 187
143 389
130 179
98 251
146 165
169 532
86 831
150 404
35 748
11 575
172 139
34 605
113 793
7 170
17 777
90 402
80 552
104 828
138 442
175 750
96 438
69 653
77 524
52 721
103 636
47 669
67 614
98 519
171 812
127 750
50 711
68 73
80 375
100 372
107 620
33 605
144 43
150 312
102 432
100 325
74 338
33 491
171 384
143 330
30 281
52 749
18 631
138 161
3 492
50 225
101 249
104 522
48 80
16 528
97 87
39 105
0 684
38 436
100 794
124 309
158 115
163 635
175 27
87 785
53 244
129 486
31 361
160 584
176 109
161 113
76 365
74 757
75 171
83 809
79 553
164 144
43 422
66 117
94 25
145 485
135 268
102 217
95 819
149 106
10 783
14 304
69 681
65 448
141 581
130 20
107 259
87 418
83 192
95 520
54 809
8 674
64 636
181 441
52 365
114 407
18 612
107 572
48 308
162 313
105 508
44 249
36 515
90 536
163 563
7 688
122 384
26 810
175 394
150 794
68 201
22 376
63 370
180 341
178 443
167 553
23 263
138 790
135 563
2 703
4 577
26 173
127 24
56 360
146 77
82 138
111 343
70 41
2 325
150 290
94 196
29 803
149 204
73 345
6 65
91 474
40 198
73 506
10 262
177 410
165 418
177 320
45 226
21 466
124 375
151 560
96 550
75 210
171 603
54 98
74 130
176 399
0 258
102 388
136 190
16 527
135 343
98 250
76 648
147 377
3 196
13 44
108 552
8 605
83 440
157 194
41 72
53 12
105 268
23 406
171 479
39 576
116 527
131 459
125 474
179 745
137 300
109 354
47 104
68 55
126 651
163 486
172 135
137 830
110 562
73 194
74 508
126 494
174 78
6 488
164 561
77 75
41 24
36 67
11 79
133 309
143 391
167 73
96 784
145 540
161 627
108 63
7 602
3 321
167 557
26 278
20 47
84 527
125 584
98 810
62 153
28 107
167 72
86 352
95 358
116 734
121 3
69 303
112 141
95 335
163 689
52 567
22 510
24 526
82 477
75 751
78 670
93 343
76 63
125 194
123 192
10 366
145 743
2 114
39 404
69 819
83 450
138 626
157 498
43 260
36 748
51 795
18 610
76 458
8 821
159 142
157 513
114 107
163 766
85 249
150 519
81 804
22 194
160 141
112 833
55 721
55 118
10 76
124 206
55 41
147 599
97 383
62 30
72 67
150 8
94 716
1 24
165 300
33 654
66 513
11 580
39 578
142 84
94 99
29 452
166 676
39 401
65 536
102 276
33 153
75 508
56 406
174 61
174 452
24 83
71 374
94 670
129 801
120 354
122 533
160 604
88 54
109 679
11 387
68 369
124 365
50 754
99 305
4 763
9 179
30 757
7 237
123 375
29 157
135 444
124 241
35 208
8 687
162 832
78 738
100 699
14 207
38 224
178 288
51 536
164 691
179 16
139 595
35 669
48 21
170 272
79 811
74 771
165 43
90 194
150 215
127 547
47 30
6 632
113 497
140 560
74 362
65 256
159 452
176 21
132 769
124 231
157 653
120 705
33 108
53 641
57 761
33 581
48 569
52 408
177 485
110 620
87 590
43 392
151 743
89 455
17 228
129 316
163 17
80 542
119 329
83 116
56 255
28 681
70 457
170 705
58 134
33 763
102 653
20 160
162 588
72 723
0 60
104 644
149 371
7 650
164 525
77 144
164 237
66 430
95 260
66 259
71 785
95 62
11 402
54 834
150 665
30 480
69 358
89 201
108 753
160 489
163 693
141 615
7 565
5 126
21 167
50 491
180 589
147 157
87 595
118 308
105 239
156 34
152 73
63 108
133 564
160 462
26 552
158 382
142 228
111 638
36 29
173 175
87 410
76 305
34 748
5 771
158 438
113 614
176 609
126 391
175 117
159 158
79 778
175 586
166 377
157 239
30 546
108 508
27 702
98 367
34 299
110 745
135 31
19 143
50 392
22 525
164 663
30 653
53 345
147 686
126 665
20 2
65 274
31 126
111 249
104 234
162 24
169 35
21 265
100 735
0 443
144 423
132 385
125 643
28 739
77 652
123 266
165 763
58 49
159 112
30 356
123 490
126 77
56 115
134 563
157 359
7 32
78 538
107 453
61 422
61 674
55 622
12 400
59 265
11 590
172 768
15 506
19 58
112 758
81 531
64 271
179 579
124 519
49 251
85 89
38 24
91 348
7 23
138 566
43 243
92 236
127 759
87 328
91 353
104 765
167 473
58 417
129 135
70 260
11 671
30 822
172 614
157 23
156 493
110 554
109 115
161 748
151 771
94 577
21 455
75 149
96 362
121 820
3 265
116 498
38 366
81 402
1 673
147 171
134 294
102 291
90 506
175 378
94 136
128 253
69 76
1 125
175 566
103 506
145 145
163 512
143 677
106 765
68 781
116 332
89 815
87 419
11 771
60 108
54 149
158 89
92 309
69 162
64 512
177 518
5 219
102 737
145 273
22 178
110 630
61 102
17 787
73 569
135 369
161 246
154 284
74 206
147 94
86 614
68 680
156 74
109 650
150 591
27 451
52 105
176 260
56 816
133 791
57 518
138 733
44 79
137 660
4 815
44 353
21 188
22 174
116 492
171 567
87 361
64 529
101 382
163 656
30 470
96 155
49 182
37 288
113 16
131 73
134 528
163 781
150 80
37 558
158 470
132 444
22 149
168 780
166 190
32 29
128 224
21 236
162 2
64 650
121 203
109 714
76 816
96 342
86 21
109 292
9 338
134 742
120 824
34 8
135 756
53 164
73 517
121 306
98 11
115 117
150 679
81 606
41 388
135 817
74 596
91 533
89 115
75 336
11 130
161 361
54 72
112 399
113 340
99 767
53 453
122 583
158 116
59 448
165 210
100 342
48 198
24 398
6 87
85 515
38 276
33 354
124 661
13 641
2 618
36 477
116 89
55 659
92 51
164 68
56 762
20 209
26 606
162 61
120 785
88 3
48 717
31 825
55 203
150 530
179 404
166 161
83 540
123 533
85 84
25 467
12 82
2 453
39 406
23 119
146 212
7 40
101 629
79 312
123 382
39 159
66 454
76 716
118 271
94 656
119 276
108 455
104 701
37 59
30 816
72 715
141 308
82 776
140 611
80 201
22 657
7 667
51 580
30 585
81 346
30 255
44 434
159 577
62 796
89 743
66 669
134 638
55 193
10 591
86 688
179 435
171 105
20 50
143 103
151 813
117 599
173 800
0 704
101 731
104 75
138 737
23 87
140 235
138 548
50 282
49 426
142 343
93 752
48 570
51 569
68 656
80 383
81 479
35 41
29 28
172 78
55 465
179 537
155 813
77 460
175 826
99 721
92 571
26 681
165 815
157 126
159 36
122 175
65 507
86 643
26 626
96 731
64 145
60 812
172 372
156 699
96 568
173 398
171 808
54 115
46 626
82 162
130 483
181 24
93 517
150 437
50 117
92 110
141 182
25 234
73 208
141 202
114 141
159 156
145 451
105 512
28 26
152 486
41 245
152 255
35 332
52 24
162 487
1 782
17 105
109 620
124 312
129 28
7 462
51 749
5 249
17 651
142 731
113 84
22 313
52 38
124 516
28 140
26 335
51 201
132 586
85 104
121 387
45 826
162 240
17 165
168 93
83 752
26 156
168 638
143 274
152 323
181 445
160 490
168 714
177 512
60 532
56 84
23 824
67 624
163 755
172 31
84 629
51 700
92 538
95 741
38 612
170 570
141 744
96 465
145 422
151 430
107 107
148 396
170 246
47 764
39 7
115 8
38 792
89 329
114 295
126 461
74 531
112 77
35 695
68 348
98 375
165 273
45 162
164 410
18 184
170 289
161 399
38 487
69 537
106 218
65 436
43 443
140 346
163 743
131 242
11 224
161 434
85 309
108 539
3 484
161 11
158 412
72 54
29 651
160 186
160 204
1 567
138 263
38 666
104 414
51 525
29 113
173 639
150 265
113 718
31 424
44 76
98 596
69 347
44 705
45 153
54 62
105 217
124 469
60 566
14 643
66 104
68 639
93 25
75 122
68 238
23 47
160 683
165 391
66 442
4 829
150 385
52 726
169 676
68 23
97 639
47 328
141 704
97 674
120 628
117 557
109 834
67 92
41 637
130 810
89 96
117 361
20 81
40 596
142 254
24 359
134 57
139 742
105 438
172 85
168 651
14 504
147 272
169 209
41 697
28 586
31 569
35 359
27 187
170 430
153 780
77 310
99 547
27 226
29 581
60 278
84 166
88 565
157 97
6 702
173 469
44 203
139 282
108 194
120 12
125 236
153 575
30 484
50 455
24 28
77 454
101 689
173 263
137 477
134 621
101 822
27 374
72 242
48 505
109 505
93 739
8 426
96 755
161 74
112 316
177 157
139 793
109 62
86 297
102 74
7 654
155 571
169 39
96 688
11 762
44 712
48 660
157 804
181 391
27 636
97 525
16 47
70 365
95 275
47 769
145 766
162 654
43 734
60 322
96 780
29 243
61 586
40 550
134 810
173 100
129 500
2 353
34 818
51 277
15 59
43 695
104 420
65 114
132 702
150 738
39 605
43 256
11 563
156 255
103 152
104 641
113 77
138 832
103 156
14 349
83 180
179 710
63 668
70 150
168 50
22 200
11 370
43 195
35 248
56 562
171 693
146 133
52 732
143 235
168 591
112 423
29 202
17 437
178 462
113 252
39 109
78 65
26 266
35 1
139 35
170 65
86 419
73 5
97 503
155 357
129 813
46 244
161 811
177 233
96 137
109 280
137 186
2 687
138 776
149 242
165 76
62 613
10 540
128 32
17 409
51 766
109 269
159 252
151 63
80 227
167 416
103 733
63 356
104 320
6 809
152 307
111 198
140 736
28 749
129 683
170 582
131 492
162 163
102 405
147 245
69 572
94 402
29 621
56 318
34 109
25 705
19 5
129 685
83 53
181 797
10 604
37 314
60 221
88 27
67 658
151 604
4 557
37 35
66 218
78 77
167 784
175 455
67 387
54 593
147 225
32 786
48 736
142 535
142 789
73 142
163 60
148 823
0 430
158 774
52 486
153 794
68 603
150 537
171 229
80 413
35 15
42 448
52 91
94 147
123 591
75 585
136 518
49 646
154 577
128 495
69 834
180 451
117 683
127 310
38 329
67 329
169 686
107 567
8 449
105 324
44 144
5 389
106 264
10 507
151 181
80 604
169 160
129 466
3 38
48 455
2 461
140 558
84 128
54 171
154 10
111 22
6 633
165 15
124 392
170 100
96 785
113 197
64 81
35 637
2 214
108 418
143 470
85 55
158 11
142 283
85 652
43 697
21 606
149 268
34 430
116 293
166 448
42 590
128 743
48 272
152 589
158 165
82 716
34 411
62 482
24 443
39 640
56 460
89 218
61 790
156 550
108 126
9 410
17 608
164 239
78 370
70 621
134 36
126 578
1 92
176 562
93 41
27 748
103 646
119 407
20 529
138 669
50 113
36 106
14 549
144 309
14 754
12 64
95 323
2 233
1 736
149 653
91 224
140 382
97 795
62 774
88 366
82 275
140 33
8 255
49 776
69 279
126 198
102 710
18 258
71 100
126 140
61 583
149 436
163 697
88 426
59 127
72 330
124 32
146 734
163 308
144 409
174 198
136 528
72 442
117 398
146 343
19 687
90 515
180 637
101 352
155 145
129 277
113 761
75 464
53 58
73 193
70 158
66 508
110 249
165 266
111 29
179 325
19 696
94 392
45 118
94 42
53 794
111 25
114 689
81 325
148 392
155 591
137 772
110 818
34 142
105 806
155 593
119 459
10 297
58 230
62 617
92 503
114 104
171 405
123 105
104 108
156 771
88 462
180 49
94 75
149 406
137 285
168 426
58 479
40 336
23 270
181 354
121 131
38 145
117 373
112 171
27 632
38 538
143 352
110 495
1 295
34 20
163 653
175 57
1 316
81 619
34 265
162 437
84 193
4 120
72 593
129 749
147 524
41 413
90 604
140 164
26 277
152 671
65 36
59 440
44 404
152 749
166 658
43 801
119 534
59 54
162 625
25 706
121 800
170 444
30 693
140 38
22 503
151 599
101 333
87 525
11 363
165 317
142 530
9 816
120 69
46 245
73 472
3 276
149 657
142 87
40 774
126 641
29 450
7 158
98 453
58 39
156 305
12 821
41 775
79 331
41 630
36 171
122 460
24 268
12 206
88 460
75 253
72 830
114 517
142 721
79 372
152 157
141 105
85 326
14 747
52 756
52 786
36 209
131 448
103 600
130 708
93 830
82 467
128 628
161 671
126 193
117 646
0 577
91 590
165 157
137 239
113 378
173 646
58 311
124 223
40 96
100 454
55 522
140 230
85 298
49 193
162 286
10 373
1 791
50 439
121 672
121 480
105 33
53 274
4 239
80 664
41 537
158 207
30 276
89 671
79 349
135 341
158 404
13 435
14 422
49 555
114 162
159 348
124 649
76 556
59 506
41 234
10 696
133 782
56 474
125 310
12 426
77 616
96 45
65 498
172 586
78 130
165 115
181 51
84 148
102 27
179 316
134 830
131 21
94 759
67 526
162 523
18 637
28 791
171 418
37 429
38 263
11 531
2 65
98 777
123 294
136 539
181 194
18 56
181 709
117 673
151 106
74 794
108 1
30 545
12 712
35 155
58 441
5 603
176 748
27 102
65 683
97 825
94 775
131 176
58 708
65 410
73 169
16 341
40 538
154 520
148 184
10 671
161 726
157 341
51 365
17 224
132 9
63 512
132 832
131 103
168 656
144 555
129 174
102 241
125 719
156 230
147 606
137 725
29 453
149 332
87 355
73 490
44 492
115 611
72 549
163 673
98 503
19 252
83 34
117 544
71 228
28 423
101 314
71 372
81 323
10 91
20 13
54 243
12 564
60 613
72 306
176 516
60 121
67 409
13 500
13 364
143 527
111 773
107 392
135 645
77 435
21 64
51 285
153 319
4 343
59 603
135 486
10 70
12 221
131 450
149 697
113 253
125 541
32 598
25 768
31 524
165 104
83 823
86 248
127 517
42 419
151 539
59 806
55 220
103 229
11 808
135 560
20 641
56 94
15 364
1 628
39 600
119 180
127 610
112 90
72 400
91 223
56 338
41 422
51 329
73 300
138 653
163 392
16 258
151 207
149 52
122 104
171 127
31 809
85 58
137 453
178 323
101 710
141 488
55 398
175 733
112 418
88 396
110 757
174 642
122 405
100 500
100 640
3 286
4 55
51 156
113 238
18 564
80 310
148 314
156 737
141 558
111 266
26 761
166 387
133 633
39 426
63 543
26 358
125 623
113 453
181 565
24 640
166 625
96 38
165 260
80 245
53 39
41 804
45 195
12 388
156 54
44 449
68 439
174 91
120 153
111 424
84 341
15 491
109 187
120 390
63 787
70 575
1 50
23 301
35 668
170 371
83 292
125 109
149 273
123 164
163 507
64 771
171 369
112 353
173 535
63 199
71 776
180 340
78 197
25 463
165 409
98 429
83 545
153 328
120 245
8 221
133 17
104 629
74 109
46 591
139 824
92 265
50 260
109 393
93 315
53 141
64 522
137 545
163 272
67 311
22 126
48 177
136 595
9 826
161 24
106 56
153 2
105 602
58 593
139 635
94 152
138 51
48 811
85 621
123 619
170 805
139 274
35 329
109 391
54 309
94 74
129 470
9 576
75 571
71 25
35 783
141 736
139 597
164 795
85 181
91 447
56 163
104 592
97 644
96 153
112 433
124 408
51 94
112 680
143 1
104 198
17 187
7 827
30 406
126 314
159 524
4 367
54 558
102 71
108 657
130 484
93 744
3 438
156 197
168 607
38 218
17 717
140 311
104 794
181 338
19 367
72 284
134 144
75 289
72 817
32 233
43 667
21 137
85 694
79 453
2 274
110 530
143 400
68 334
90 285
114 690
74 784
35 363
91 668
128 44
66 95
96 513
153 224
154 695
10 630
32 658
55 313
102 227
80 313
107 68
176 713
155 608
12 721
161 28
95 217
117 739
2 586
3 396
4 195
179 107
90 163
175 488
56 673
133 371
40 729
53 342
112 796
146 93
157 432
45 156
49 10
5 144
44 540
91 521
165 7
0 192
36 240
58 794
51 367
89 109
47 528
173 769
26 35
149 119
150 116
63 652
14 173
45 502
142 398
46 695
39 125
163 763
6 394
131 239
42 806
7 84
58 151
82 754
43 641
143 270
60 494
166 258
37 114
102 131
6 526
115 605
27 84
122 451
100 657
81 297
134 164
146 237
95 238
80 560
13 794
150 57
167 587
178 767
132 291
97 479
100 831
165 792
36 97
102 33
137 430
151 575
43 168
28 789
89 719
142 244
10 543
81 390
12 280
79 315
127 123
150 524
79 719
85 696
10 231
46 284
75 779
70 529
94 760
61 213
180 644
59 269
86 735
73 804
72 758
170 317
34 793
140 548
68 406
65 187
140 137
164 670
6 570
159 659
118 344
118 634
157 757
161 132
6 40
170 213
92 320
130 595
85 800
36 725
76 169
109 525
149 545
2 215
129 411
150 401
78 580
131 320
116 249
108 502
136 126
65 603
139 531
3 34
148 390
119 760
151 819
140 68
108 454
108 108
137 693
92 671
89 447
66 43
15 830
29 732
46 809
151 688
164 611
40 84
134 96
154 710
25 138
168 600
16 500
113 771
57 690
129 702
172 165
134 586
15 500
119 646
82 260
119 247
49 323
69 646
17 180
21 486
148 422
84 503
85 294
76 583
172 442
52 709
108 302
58 645
120 750
48 406
77 350
60 804
176 355
108 635
153 51
81 340
160 696
75 581
94 67
148 509
54 600
19 695
172 5
162 659
96 278
84 484
104 52
17 467
168 597
80 400
89 177
4 230
50 167
106 305
43 244
138 568
12 525
172 221
33 325
54 671
168 76
36 476
96 604
164 819
115 779
55 520
122 379
136 818
62 769
163 543
37 504
53 135
59 668
39 74
104 621
77 17
143 451
11 207
13 659
123 736
13 829
94 12
66 297
151 728
46 525
144 370
104 256
171 783
96 548
156 133
104 441
77 278
9 449
150 793
63 170
15 57
145 362
154 753
8 745
127 743
153 21
57 824
172 472
26 107
84 49
40 225
124 557
49 379
1 178
154 574
161 371
146 18
110 680
122 171
97 189
18 12
121 512
69 791
141 192
52 197
98 405
31 530
14 308
98 81
79 829
162 87
121 622
156 109
36 640
164 261
135 407
19 819
19 547
168 398
122 318
30 133
52 719
93 460
120 123
12 309
137 47
36 100
130 270
180 156
123 227
162 782
76 490
151 810
53 389
146 703
80 409
34 177
168 711
19 494
73 795
25 490
55 413
158 744
115 208
167 485
122 419
30 368
168 155
134 38
106 652
143 718
43 634
63 819
158 205
176 477
130 545
2 821
150 722
82 239
2 329
55 598
148 486
140 691
40 793
39 714
19 122
132 525
98 220
154 655
31 653
24 771
68 85
54 532
176 169
105 491
46 569
65 95
47 304
48 555
61 408
134 23
94 48
71 554
116 325
11 350
0 279
123 452
113 722
20 802
40 572
104 222
107 42
68 367
152 174
94 282
113 234
99 557
87 397
165 149
58 90
166 749
154 242
129 382
51 739
127 401
155 244
115 306
41 178
91 291
96 681
26 650
16 677
149 288
168 258
0 516
59 725
124 226
0 237
118 405
57 767
100 824
149 158
148 806
137 726
179 218
50 500
86 170
54 691
151 77
65 748
147 490
18 509
177 744
162 719
116 453
178 618
56 261
20 806
102 29
62 406
180 652
141 112
43 830
120 650
18 250
101 380
53 255
56 579
14 368
167 493
146 238
27 714
29 302
143 377
7 575
147 819
13 597
53 770
164 720
74 17
153 61
56 668
58 446
3 283
13 422
131 319
119 619
82 112
125 807
89 152
137 202
87 249
137 828
42 618
83 706
55 67
144 78
95 0
126 811
87 92
133 292
53 17
132 538
135 106
91 656
165 250
109 252
77 21
7 254
46 299
12 367
152 261
12 591
92 67
35 819
160 299
92 757
177 599
154 309
114 174
176 525
114 580
157 225
79 178
49 478
150 565
174 157
133 205
10 724
75 22
7 68
161 572
141 301
102 658
92 215
86 793
160 312
70 754
133 125
162 730
65 125
174 239
115 558
55 280
112 817
65 64
119 308
128 708
42 532
37 768
52 414
125 383
67 172
9 327
65 293
1 735
114 676
75 65
38 831
61 552
127 153
10 97
110 456
73 106
121 270
108 804
34 208
132 573
49 696
126 830
143 386
69 252
118 36
172 97
7 233
34 353
87 311
0 489
90 617
68 459
34 307
121 432
162 815
34 792
30 141
6 131
7 340
78 132
117 287
68 468
132 663
168 15
89 489
84 644
79 417
25 14
141 509
99 382
65 751
127 557
3 675
86 122
40 193
131 556
131 363
11 497
161 63
89 424
181 123
44 337
141 113
166 333
176 799
176 422
44 64
106 603
63 389
176 416
115 378
146 306
35 308
61 259
168 540
2 305
122 14
92 281
88 285
130 834
148 345
38 816
20 148
117 642
75 34
125 63
88 774
144 356
10 787
45 666
76 306
48 623
77 560
158 508
47 765
74 620
136 655
173 322
93 815
98 466
167 715
129 788
49 400
112 74
83 231
105 151
79 77
12 141
6 123
84 681
30 268
131 741
140 766
95 539
111 718
59 624
45 17
120 0
13 220
169 139
8 311
33 154
147 830
89 95
104 535
15 505
172 364
172 217
78 3
62 816
141 641
170 793
43 528
121 735
98 792
94 286
180 235
175 254
175 201
11 799
134 761
131 406
57 257
96 136
37 834
104 230
84 423
128 74
41 665
142 532
17 181
181 684
164 70
156 192
81 195
181 773
123 655
27 801
14 165
102 560
26 575
176 432
22 756
47 726
22 682
144 535
142 410
37 474
44 439
88 620
145 284
97 314
121 157
40 248
124 186
171 718
75 338
16 17
46 412
122 489
139 220
57 793
179 151
177 393
155 394
89 594
80 486
80 274
75 29
74 740
113 58
86 817
135 566
84 120
123 71
163 299
94 460
32 232
156 359
146 176
163 467
104 32
173 765
102 176
161 562
174 715
70 303
134 562
175 463
20 172
55 211
93 754
69 554
136 0
13 281
48 749
145 596
30 683
111 219
156 42
118 700
15 35
100 150
107 311
87 571
65 815
76 662
180 299
96 410
114 294
151 693
121 369
85 390
39 357
69 626
124 756
139 444
135 290
38 328
91 465
74 301
5 469
109 738
91 506
144 388
72 631
167 15
74 295
79 493
120 752
78 59
61 187
28 777
114 703
43 820
84 280
172 811
171 117
71 522
160 334
117 25
38 123
177 38
59 561
121 680
46 478
45 390
41 273
17 557
87 545
107 448
77 661
23 309
57 578
7 176
162 833
120 29
70 266
85 281
96 797
2 248
98 159
4 221
159 503
180 792
180 691
114 647
176 749
65 391
121 59
38 661
127 221
177 226
96 353
89 99
164 744
149 449
92 391
150 686
165 278
6 639
122 554
69 359
111 82
34 267
117 86
42 303
21 74
2 485
45 616
135 364
136 537
138 773
134 478
31 469
178 211
52 451
87 252
32 417
80 44
80 67
178 79
26 133
66 272
9 311
40 131
174 119
161 315
54 526
92 541
86 274
117 68
1 64
77 172
27 101
85 179
6 519
126 181
136 59
120 524
11 246
86 187
103 133
181 730
168 323
25 821
4 352
151 799
53 516
172 649
30 619
24 689
144 180
180 465
167 488
97 647
19 588
30 440
169 804
120 811
162 263
123 237
57 291
96 21
141 548
83 352
146 225
123 214
65 8
98 179
113 539
37 636
84 512
28 537
135 227
164 758
102 391
86 811
111 752
99 70
53 397
119 827
51 823
22 517
100 812
156 777
159 218
19 806
176 356
105 348
2 165
67 374
154 349
15 424
35 56
151 404
106 750
10 796
33 607
155 217
104 123
86 653
60 33
59 257
122 307
158 798
100 767
51 334
23 564
78 236
167 21
116 181
67 440
47 72
12 447
85 659
137 501
171 368
78 379
42 14
90 576
60 64
23 518
82 502
158 466
103 541
122 601
30 119
49 329
18 387
112 168
149 344
155 1
10 336
75 405
41 106
71 477
28 821
107 235
74 830
168 105
23 399
2 240
162 167
66 159
24 426
43 395
125 404
22 470
12 408
49 807
176 53
9 402
101 685
19 692
179 445
162 362
88 411
126 790
157 369
0 688
91 54
105 258
56 88
59 398
129 730
138 544
103 240
0 683
16 629
31 260
128 313
162 671
100 506
134 122
85 190
29 597
175 377
81 368
76 725
17 682
132 270
51 236
165 253
88 815
67 35
106 723
115 387
75 343
93 548
56 140
26 555
125 428
15 125
121 524
56 597
84 702
122 114
155 195
45 135
7 482
84 665
24 329
143 402
39 727
5 554
118 26
153 15
92 787
54 750
137 534
175 26
22 260
2 501
1 213
74 715
103 673
111 759
74 19
92 689
77 455
149 513
25 727
147 228
158 393
172 310
54 109
102 598
91 253
179 99
132 229
26 377
94 56
129 535
29 529
17 472
66 197
58 54
152 526
92 405
103 668
154 390
34 734
61 444
170 498
135 509
39 51
22 43
11 5
51 98
134 54
110 731
123 822
116 40
179 364
15 480
150 152
46 592
154 263
175 526
140 53
138 485
89 387
154 323
12 229
174 705
140 637
157 528
114 84
149 456
31 633
50 354
8 149
165 512
176 488
126 507
9 7
70 418
150 797
152 151
160 640
73 579
86 99
125 520
93 644
39 266
33 220
52 770
1 308
151 70
154 416
178 809
109 469
120 253
103 335
157 215
168 509
117 101
11 819
63 549
63 74
87 717
71 399
58 296
130 480
159 89
169 40
176 345
38 57
141 545
37 583
171 336
44 65
54 215
158 425
15 285
46 579
171 51
80 449
8 613
111 703
60 122
66 741
105 11
74 786
54 541
148 732
89 116
48 484
75 825
175 504
156 32
87 128
128 5
27 609
72 533
84 786
92 238
111 42
131 38
159 703
55 451
84 528
123 681
149 502
153 480
141 613
26 784
90 468
128 542
154 582
5 134
86 560
8 82
163 80
106 435
34 228
75 392
2 634
19 60
77 334
61 692
172 32
174 229
117 250
23 37
137 387
88 713
181 336
150 517
147 689
50 598
72 398
76 316
134 596
117 285
135 176
166 163
62 599
17 316
157 510
130 440
93 633
132 804
133 288
21 59
181 198
81 365
174 282
113 580
49 304
21 525
123 772
109 173
49 452
120 664
43 808
47 455
152 245
177 16
85 829
35 158
113 181
62 721
44 452
17 757
60 200
23 598
82 83
17 774
35 107
100 212
55 186
162 575
164 81
152 540
162 660
15 31
139 619
129 434
176 752
181 530
114 831
48 616
15 674
104 205
80 537
32 130
31 396
134 183
158 693
43 369
160 602
74 229
146 555
103 606
133 834
4 386
37 580
62 263
179 785
5 749
73 559
134 190
156 682
44 313
4 369
163 38
88 310
103 233
2 582
88 448
165 290
66 86
15 554
167 707
131 228
116 701
141 529
26 256
38 785
38 557
4 180
173 117
17 460
157 759
71 577
12 92
134 83
32 470
10 729
39 81
5 712
31 432
151 281
42 35
134 823
64 505
44 772
65 179
84 256
98 736
79 674
51 312
163 648
66 576
121 521
47 454
94 109
80 752
21 446
157 396
106 758
87 273
145 586
99 176
158 647
77 488
154 14
112 499
91 367
30 63
125 111
181 330
96 732
141 370
157 661
82 648
48 509
93 558
126 214
166 141
170 580
75 805
39 172
162 83
146 388
149 470
34 576
31 36
142 664
151 189
136 182
43 127
20 499
92 397
66 816
142 378
115 504
70 114
104 694
172 559
100 452
169 819
39 47
30 758
0 257
24 187
36 62
116 388
30 604
48 693
121 787
19 59
157 209
150 256
150 531
127 144
177 111
115 514
35 471
98 4
6 39
25 653
159 344
6 58
160 546
103 429
3 178
173 148
14 490
102 644
3 556
103 489
93 565
116 394
73 190
47 374
180 329
115 420
132 348
87 68
148 803
1 553
29 21
27 580
174 165
140 401
104 428
87 414
69 726
12 298
173 18
162 133
66 131
129 608
106 729
119 353
28 820
104 664
99 129
40 121
126 809
167 157
177 581
89 366
32 270
17 32
49 59
141 781
171 502
24 449
171 377
64 365
129 656
12 596
35 215
172 637
7 325
102 546
93 327
112 21
160 633
21 573
160 689
47 519
14 203
151 0
163 554
84 354
95 630
64 807
71 377
1 5
91 64
117 543
51 765
39 150
137 690
26 118
149 560
109 160
138 230
76 385
92 551
31 301
137 755
70 485
85 819
152 448
131 434
24 820
161 306
121 556
87 654
159 414
155 795
65 161
115 346
156 8
25 816
40 372
150 407
127 575
146 298
125 22
175 348
63 557
159 736
28 361
34 66
179 122
175 403
23 201
72 788
32 34
33 390
65 467
163 10
106 318
42 76
103 520
179 340
161 605
148 710
60 94
169 154
152 705
47 424
31 15
156 269
97 78
117 185
53 196
18 570
125 610
175 782
88 590
70 419
133 820
90 114
52 395
23 82
107 358
118 501
160 724
57 161
97 40
34 133
100 771
160 26
180 357
25 736
166 785
65 459
175 77
44 35
166 787
163 116
84 123
50 752
11 463
134 281
86 779
124 343
121 221
161 504
177 377
90 668
17 254
165 566
161 412
32 444
70 768
177 799
84 108
176 353
157 256
121 617
151 439
70 298
11 60
158 498
59 419
113 756
24 266
163 204
11 341
17 502
121 446
12 346
25 773
49 375
29 463
140 89
136 84
105 12
39 535
34 554
119 89
122 812
93 7
24 236
72 277
127 397
144 219
1 382
44 56
126 655
142 466
147 260
71 666
82 494
171 166
180 108
170 526
31 445
96 718
124 591
31 643
20 816
9 551
89 114
100 695
83 505
130 157
107 29
55 581
86 482
80 147
7 238
122 742
23 52
28 19
181 27
118 201
10 253
12 771
160 588
17 683
73 319
134 697
46 768
133 656
139 550
74 200
6 396
132 49
97 743
157 115
54 466
24 797
60 68
171 397
128 271
79 255
36 341
112 673
9 715
93 658
43 165
23 677
106 228
90 352
58 19
128 429
148 79
120 289
45 686
113 781
148 798
35 424
88 281
167 659
135 764
68 605
95 213
49 460
40 575
141 277
64 674
53 646
169 317
145 744
82 204
157 680
175 88
124 594
8 757
27 511
92 208
32 38
129 275
174 545
87 346
5 685
127 802
131 329
24 137
109 830
99 23
55 265
118 326
158 110
132 826
17 677
122 140
3 303
0 455
105 156
33 274
105 148
113 643
100 119
11 461
20 11
166 254
123 761
101 588
154 557
169 728
14 168
159 185
138 268
177 113
149 361
40 52
150 575
12 790
55 122
139 794
43 190
52 307
91 575
124 213
37 791
156 490
73 557
38 493
154 498
137 286
163 593
61 358
86 709
32 11
44 29
75 450
175 671
90 683
44 22
130 5
164 199
91 690
117 353
167 621
157 787
162 344
1 710
63 753
136 517
45 775
155 605
123 646
173 797
2 473
75 596
45 110
89 479
92 520
36 322
51 728
100 48
104 160
53 571
151 21
95 225
18 471
96 792
48 75
14 354
165 400
79 492
63 482
130 715
66 248
109 730
50 680
19 54
0 726
58 344
87 377
150 272
34 679
77 741
181 228
38 554
35 234
33 467
17 303
147 644
86 22
116 726
123 420
36 40
24 285
59 670
72 805
37 604
46 234
126 495
13 285
90 223
51 191
7 251
45 371
126 183
99 766
27 251
100 421
41 347
117 687
130 186
114 671
16 613
67 819
134 534
84 531
47 621
161 690
140 418
158 801
136 419
130 560
58 111
87 176
171 769
158 624
2 444
62 321
78 490
144 201
94 635
67 148
7 132
18 663
180 391
116 6
129 333
99 651
34 794
169 189
79 663
126 88
48 602
28 669
4 576
25 629
51 680
168 324
36 703
92 668
137 731
136 478
125 179
101 728
117 166
112 211
137 59
72 781
35 537
60 51
163 788
21 378
168 158
173 695
34 101
175 339
171 654
145 85
0 353
164 621
176 625
88 745
148 468
164 64
27 357
28 581
102 463
122 764
19 825
123 696
91 144
2 377
135 50
103 51
12 63
174 191
144 741
90 162
24 548
141 696
73 382
87 151
33 785
50 612
22 811
77 685
28 56
110 796
50 434
75 653
149 663
57 472
37 326
12 533
131 211
159 107
170 630
0 583
65 427
166 306
75 297
9 467
69 634
100 826
145 412
131 436
129 821
88 62
55 202
142 357
146 9
76 32
11 465
172 289
86 479
55 463
124 783
98 485
75 626
2 760
95 403
163 66
63 683
65 651
177 239
48 605
137 373
50 274
135 358
115 704
116 367
131 704
99 685
51 324
119 326
181 402
37 321
99 512
96 386
167 682
32 533
50 721
84 239
39 612
117 281
46 140
68 436
20 597
94 691
97 424
121 659
141 224
90 782
149 241
42 205
100 73
13 14
30 687
114 583
157 47
168 525
9 433
168 300
1 451
3 53
80 199
4 154
146 254
81 467
61 215
119 651
102 506
154 757
49 431
161 145
153 266
84 236
125 309
17 766
105 98
102 378
13 369
9 632
45 301
97 631
106 505
24 19
10 352
112 770
98 832
131 223
79 711
40 708
97 497
29 333
71 145
4 9
123 64
116 418
53 491
133 737
11 149
122 639
54 83
34 418
145 188
161 353
82 26
108 479
164 724
7 607
96 27
153 741
54 64
69 148
107 704
140 553
63 372
47 14
67 828
38 541
173 269
128 822
17 204
128 450
42 368
122 776
13 342
162 656
163 296
76 495
63 616
38 62
68 518
85 442
134 515
102 574
179 228
165 195
69 315
123 17
42 226
45 622
176 381
22 441
141 687
3 233
79 502
40 3
29 657
55 7
90 79
176 398
127 769
138 778
48 448
82 198
171 394
151 426
40 461
72 268
38 636
77 212
149 2
67 605
142 688
29 164
35 555
84 195
179 45
49 728
122 670
84 51
102 654
152 474
39 355
13 382
154 742
17 27
101 224
47 339
9 317
151 233
119 474
146 550
99 776
151 94
108 211
175 814
15 510
168 77
130 284
175 246
49 293
175 124
97 469
101 556
155 558
11 249
69 335
160 241
46 319
113 831
7 486
79 427
124 197
181 616
81 205
137 758
174 682
37 148
85 213
75 524
174 439
6 433
18 496
57 822
85 727
63 767
70 637
86 507
156 772
139 107
61 731
87 743
117 212
148 212
31 592
105 193
91 321
146 764
82 519
136 246
49 316
40 702
125 533
90 541
85 693
36 23
168 144
0 158
47 508
52 399
151 330
140 201
62 190
95 47
19 589
30 151
53 723
80 175
55 164
174 811
87 701
76 447
181 171
154 640
8 54
161 160
96 584
161 407
80 129
50 186
50 586
153 582
178 369
54 323
0 422
159 363
20 7
40 667
38 823
19 683
100 95
169 137
151 436
19 535
17 188
140 26
108 339
66 142
128 137
50 201
131 503
3 608
105 298
139 413
55 360
93 319
123 322
112 824
78 321
76 466
165 321
30 349
111 779
20 19
6 754
123 553
79 45
143 784
132 483
116 608
54 721
128 527
82 490
19 2
172 384
38 687
125 291
70 448
82 680
85 650
77 562
52 626
62 612
76 220
128 373
111 376
6 747
11 614
44 654
78 496
150 359
84 685
103 418
23 231
125 521
2 369
180 112
116 714
103 159
128 771
46 216
106 244
101 769
67 604
114 30
56 765
111 426
67 1
110 693
143 783
134 833
16 164
169 24
103 149
23 106
140 409
118 50
163 319
121 179
120 548
133 557
96 612
49 261
137 703
5 237
79 446
36 264
157 253
2 629
178 676
120 504
90 773
164 516
163 753
124 324
89 154
67 796
10 402
156 166
118 583
48 643
159 110
15 159
128 707
179 73
70 257
54 504
136 790
24 649
103 227
1 375
156 454
37 166
37 47
124 496
100 680
60 742
74 682
143 39
154 368
54 629
112 564
180 506
59 786
147 528
55 315
64 619
38 697
142 18
121 14
16 544
152 756
71 75
171 398
38 80
155 254
132 285
78 292
100 45
104 342
160 450
49 73
146 367
110 287
123 740
122 444
49 437
57 453
171 538
31 173
180 779
158 704
151 35
42 86
157 627
137 808
46 538
41 108
50 253
52 250
131 610
165 163
104 753
162 147
69 429
149 757
94 568
44 570
125 305
115 485
97 309
39 360
20 569
52 222
177 131
101 106
132 359
121 215
173 318
132 287
110 278
20 549
108 263
71 661
151 16
146 712
16 407
89 6
80 771
133 719
131 68
126 615
0 670
6 169
121 355
135 102
78 224
119 210
76 288
99 60
158 29
69 440
100 479
67 296
94 521
139 771
75 72
152 111
56 400
50 140
0 105
116 655
52 487
116 346
20 217
15 571
77 217
87 118
67 153
134 629
98 758
50 363
112 157
73 761
155 396
135 500
79 559
0 307
180 667
90 128
121 94
88 587
17 600
137 235
137 664
133 547
140 610
162 172
54 90
119 64
174 534
11 145
35 294
75 389
124 701
22 270
62 392
106 709
2 404
99 648
124 612
12 485
29 741
153 146
111 743
70 80
161 359
9 253
16 611
152 712
114 750
170 162
104 676
120 206
153 656
19 820
72 586
103 705
145 79
50 391
134 322
116 696
40 830
129 337
6 554
116 665
22 732
49 382
132 471
79 224
180 193
40 347
27 820
30 252
92 706
170 16
94 686
112 345
17 306
19 136
47 692
167 564
151 138
5 699
165 166
172 575
155 22
141 769
93 404
66 440
158 527
12 641
145 386
38 719
113 707
130 474
28 685
124 47
115 291
73 116
134 227
43 25
146 693
68 793
92 119
40 2
92 453
96 114
66 476
110 739
30 479
147 714
173 365
134 318
132 36
121 183
122 429
5 495
8 772
8 503
42 245
7 742
12 109
177 195
83 616
36 210
122 99
87 37
103 643
89 394
148 399
30 145
94 20
4 133
161 620
137 309
117 485
38 591
11 652
40 531
156 221
171 64
137 57
147 808
18 712
104 763
150 319
3 602
95 470
87 50
124 462
2 105
8 742
125 702
146 513
139 486
36 494
118 48
180 282
92 182
76 686
32 127
143 77
167 401
69 442
132 575
93 14
78 12
180 561
118 669
162 513
158 757
122 218
63 617
173 376
155 367
171 100
83 235
148 47
115 227
74 767
133 291
63 75
177 56
142 752
134 474
94 353
18 436
48 795
111 40
64 138
98 234
140 282
16 335
123 691
43 62
135 770
103 729
76 97
174 302
57 714
94 594
85 593
97 602
40 742
168 728
112 28
27 555
64 645
7 660
94 293
44 707
13 463
29 290
87 543
90 790
92 250
167 614
176 652
1 268
99 116
154 415
11 513
164 830
136 534
54 791
4 147
129 724
127 810
12 182
61 540
82 167
26 3
133 46
83 225
61 722
62 62
49 819
116 334
4 794
0 449
3 250
74 49
169 222
144 46
115 358
176 574
46 73
33 110
72 528
101 410
43 388
165 333
124 644
66 350
136 287
112 559
161 354
178 358
123 708
153 269
86 389
93 586
170 792
83 759
177 192
74 809
104 570
114 668
164 442
28 239
102 596
91 743
68 57
36 478
137 86
161 347
102 575
151 768
175 359
44 591
84 358
170 363
120 6
160 242
113 379
178 639
58 746
99 639
129 828
96 236
95 603
130 341
16 430
149 383
53 36
94 532
11 319
101 540
152 636
21 352
23 283
171 816
60 165
85 497
143 714
106 564
59 716
78 495
64 659
21 639
181 88
76 739
85 81
11 664
8 272
2 156
129 750
119 753
30 381
154 440
68 290
170 597
11 747
80 593
160 756
171 683
173 676
50 215
119 521
2 641
79 30
62 358
19 568
136 103
7 199
45 774
132 633
148 14
162 113
115 445
170 23
29 171
35 189
16 559
12 602
50 635
161 626
131 696
28 524
42 289
78 238
12 497
69 385
172 638
63 34
6 416
32 89
95 413
87 699
48 123
35 144
25 823
68 549
46 147
103 223
61 833
146 84
14 380
35 22
174 60
65 236
90 613
172 182
97 748
5 428
28 202
174 126
34 163
49 178
161 103
98 165
180 18
164 140
97 30
54 601
115 23
164 604
72 264
165 357
32 1
75 322
108 550
113 392
34 832
26 591
39 653
88 14
117 55
106 442
64 799
84 604
155 183
75 224
109 329
177 690
20 665
23 585
84 472
19 518
144 86
42 717
144 398
158 548
37 243
47 738
120 493
124 736
11 592
162 777
107 700
124 143
71 544
3 662
152 605
54 448
65 558
160 305
179 305
100 468
127 472
130 404
156 498
57 684
10 165
126 619
37 706
38 187
121 216
78 788
77 620
133 162
140 51
124 305
149 702
50 358
84 642
160 94
65 278
178 337
40 152
64 475
165 175
56 494
83 262
147 224
19 593
82 750
145 434
161 442
60 446
172 554
57 296
163 135
55 740
169 605
136 822
3 308
71 329
141 207
61 268
139 508
6 161
105 667
165 127
64 302
22 168
72 322
104 7
49 487
82 176
122 15
23 605
70 264
144 366
17 33
35 125
42 104
122 418
62 124
68 268
45 723
159 27
18 550
108 269
15 227
170 263
61 46
51 801
45 630
101 272
127 11
41 553
9 149
94 463
35 11
30 800
48 690
160 405
104 612
125 449
139 576
134 517
153 814
134 353
13 511
24 789
144 784
92 479
100 377
34 646
84 646
28 580
166 437
66 771
124 639
122 75
125 450
70 429
138 808
63 571
7 143
138 343
101 785
104 580
105 569
10 342
43 355
18 600
54 293
76 146
108 193
106 598
123 372
89 331
12 440
95 655
132 669
76 325
141 272
10 443
59 465
66 273
9 26
66 545
6 363
129 416
13 260
18 454
27 446
35 457
78 257
172 344
71 614
69 765
49 749
127 89
140 798
107 37
108 371
166 331
81 719
89 204
145 275
48 554
61 546
2 120
127 757
18 75
44 515
20 224
74 346
12 654
171 490
144 687
162 778
102 126
60 523
126 268
119 235
51 148
51 759
20 809
25 212
59 296
26 381
125 708
107 303
29 719
15 539
1 240
126 54
105 802
178 722
168 185
138 198
112 444
56 346
86 295
29 326
153 45
20 225
104 464
111 527
153 196
67 427
15 289
48 667
33 566
73 608
175 188
120 170
151 361
143 583
14 752
107 300
137 559
24 228
138 501
19 614
157 61
140 824
140 749
96 73
89 772
123 215
11 93
8 364
84 295
88 468
128 715
40 655
90 564
113 697
41 808
92 124
6 178
0 572
175 735
138 155
140 769
169 674
149 99
148 77
162 537
45 792
27 624
1 526
127 809
128 686
3 319
141 416
40 757
39 185
111 26
134 662
93 290
8 398
181 725
172 200
122 449
143 127
39 832
49 162
23 297
157 761
92 476
1 588
32 14
65 198
52 393
59 126
43 397
69 159
92 324
161 782
50 418
5 352
163 397
109 194
5 622
48 476
9 749
15 699
57 525
167 341
121 782
107 297
110 809
146 393
145 815
48 8
124 76
89 16
52 315
143 201
55 804
166 251
178 626
126 372
66 770
136 805
114 246
56 636
44 663
41 602
84 181
70 190
152 318
113 456
124 717
169 65
145 239
149 28
73 465
61 156
154 524
104 121
148 49
20 302
14 65
95 40
87 283
89 467
180 646
8 550
33 80
81 594
92 648
88 82
176 579
21 667
55 574
49 488
164 329
46 690
44 152
93 472
125 139
128 29
180 802
130 405
159 636
128 255
4 322
84 515
84 635
172 531
170 215
127 649
162 18
141 2
3 790
63 765
158 113
71 70
178 263
94 616
22 96
114 332
51 315
24 753
81 360
25 370
129 594
56 802
48 655
110 154
37 735
33 469
168 746
91 236
92 515
35 172
63 98
172 80
42 137
62 460
31 765
173 160
11 183
133 435
1 211
179 620
146 52
137 328
113 241
47 11
139 480
48 443
55 628
37 629
56 439
153 725
159 209
61 387
173 149
7 323
130 200
177 452
67 706
71 583
47 158
64 5
148 99
42 33
143 49
27 403
55 191
152 39
97 351
176 213
13 50
108 173
123 285
43 225
112 544
75 102
110 314
40 452
20 339
179 574
141 155
71 625
106 179
22 600
103 455
177 407
86 785
43 204
13 58
177 169
56 397
55 710
131 158
31 161
71 115
169 379
87 539
105 564
23 787
73 171
68 205
101 302
5 378
45 758
137 715
138 135
159 466
32 182
117 179
169 594
101 244
148 167
14 830
53 771
31 30
137 268
161 333
10 505
67 173
17 819
132 730
29 615
99 707
178 500
100 180
117 187
162 36
49 81
111 508
127 623
66 290
100 200
173 279
40 191
178 390
85 488
93 279
175 101
5 13
106 215
64 618
118 702
181 779
27 429
81 50
153 211
116 129
55 551
108 559
132 776
124 63
136 25
144 591
5 148
175 258
114 497
125 95
141 798
65 762
124 316
77 321
147 150
40 377
180 648
153 133
154 727
142 491
61 669
155 524
32 700
72 423
9 569
90 321
135 759
163 827
0 57
175 287
63 80
109 157
173 191
181 814
91 758
86 277
81 264
175 650
97 466
24 669
151 501
45 547
80 727
172 780
23 81
110 99
127 363
66 240
31 372
49 366
3 78
173 795
66 168
24 515
30 446
22 464
55 443
50 55
16 539
136 784
138 617
93 587
159 191
79 721
54 678
112 532
175 142
133 523
9 363
54 68
138 712
32 151
0 86
41 720
53 813
96 469
17 665
153 681
27 111
129 647
130 261
47 573
82 27
39 599
97 167
132 693
67 582
8 280
2 218
107 541
115 767
152 267
139 825
18 760
131 473
59 591
121 767
64 149
102 689
136 577
40 365
70 750
5 795
168 40
23 5
116 765
88 221
77 482
110 20
167 537
91 559
92 736
176 571
51 465
8 227
89 7
25 392
177 339
148 60
117 653
71 405
142 216
5 652
66 3
171 668
101 70
9 140
121 703
45 429
10 437
173 724
107 322
180 806
52 367
25 172
133 578
66 801
96 82
29 775
136 88
125 431
171 542
88 832
122 760
25 95
158 303
96 650
99 717
24 252
154 580
133 412
172 537
165 686
133 296
134 288
19 642
177 6
45 284
50 180
89 804
38 262
157 231
88 342
0 224
159 721
142 680
5 363
5 81
7 493
29 759
25 761
137 528
78 754
159 365
162 126
119 607
16 79
158 479
160 611
59 747
104 619
154 208
50 320
123 689
122 248
16 9
32 79
21 621
63 809
141 620
148 757
41 113
58 497
55 455
91 132
108 616
84 78
68 394
51 631
4 293
173 551
108 555
15 111
148 608
17 69
38 505
166 417
22 392
163 492
167 413
33 739
47 18
181 677
48 567
40 439
82 645
97 201
163 823
51 206
91 479
31 538
74 800
109 289
84 829
8 348
144 175
108 793
116 393
47 95
82 311
99 607
115 267
121 574
61 427
92 38
86 134
176 821
72 602
53 816
110 439
136 281
51 115
37 565
131 94
60 347
42 565
127 780
170 253
55 86
131 739
141 380
72 392
124 458
144 663
56 649
5 40
73 820
96 378
109 290
80 634
88 788
50 300
145 9
71 310
161 45
22 142
162 611
144 799
20 16
116 731
37 709
38 173
46 401
172 399
22 759
140 178
109 564
157 471
108 288
102 369
113 144
142 711
176 531
139 117
88 560
101 56
157 716
135 103
167 311
42 283
6 630
79 545
58 760
53 78
55 196
146 354
103 66
5 165
156 813
105 691
91 227
61 349
131 304
180 757
48 332
156 403
174 277
78 692
140 105
79 176
125 135
21 721
0 333
128 96
61 9
165 505
84 653
95 41
34 768
90 154
59 100
32 353
178 70
43 493
155 572
95 621
135 491
49 599
24 146
152 741
159 789
84 378
80 500
153 563
15 585
168 704
49 9
43 540
57 675
62 559
134 165
50 451
54 617
34 498
138 392
46 820
153 44
163 333
155 306
130 542
151 408
98 221
109 513
16 241
47 113
158 674
135 129
93 110
143 587
7 779
93 536
73 8
22 638
3 780
171 716
180 672
153 127
7 80
66 57
180 307
111 705
151 639
54 255
166 620
48 257
95 753
47 25
31 753
159 672
169 450
163 56
154 96
125 97
96 709
147 802
10 784
135 278
172 345
11 552
64 99
41 674
74 587
61 80
151 239
173 801
56 299
73 526
27 297
76 499
98 326
60 371
95 241
162 307
157 478
142 727
28 663
124 81
97 641
121 665
106 462
177 409
5 776
80 601
129 694
78 32
179 395
112 440
168 333
111 292
177 282
41 105
103 114
13 417
151 329
142 815
54 283
9 63
175 150
59 483
146 575
32 488
150 742
162 806
15 755
65 312
44 8
167 392
79 604
48 83
45 215
57 362
170 590
74 477
171 294
15 379
28 651
83 178
55 808
166 159
176 365
176 712
25 594
6 75
12 713
35 393
133 526
47 636
14 670
58 469
66 657
36 301
35 667
81 823
128 286
125 244
61 459
23 63
15 712
120 356
177 94
104 439
112 674
123 1
161 349
162 590
28 704
160 823
82 826
113 386
115 376
69 412
111 54
148 113
107 84
87 490
106 69
158 227
141 831
5 133
11 827
110 557
26 742
68 421
13 795
98 120
106 183
59 59
5 208
67 225
91 409
159 529
149 399
79 808
153 600
174 456
53 22
82 126
35 383
168 811
8 229
38 494
161 105
1 708
69 344
13 502
5 362
1 139
11 809
18 88
152 225
157 557
111 283
47 121
124 683
79 658
169 697
5 395
56 182
160 801
76 218
13 712
90 439
130 507
158 518
35 570
44 818
20 236
116 288
45 184
116 358
88 743
107 174
123 40
99 667
120 381
136 772
176 22
38 261
136 422
84 483
56 280
156 834
27 335
140 333
22 505
34 643
173 111
168 690
173 521
123 411
133 261
176 435
27 140
134 774
146 377
5 717
76 86
3 183
25 160
55 215
148 382
164 104
169 60
75 85
41 406
97 97
110 139
73 726
76 298
168 724
77 238
146 289
80 255
124 95
23 660
115 651
178 212
19 617
140 453
133 108
44 821
97 796
11 269
57 561
87 202
85 619
128 401
42 799
157 451
73 694
177 80
89 281
10 471
29 307
17 427
174 226
9 712
68 337
88 227
105 723
15 254
54 598
10 765
145 424
49 816
60 342
173 422
64 462
44 559
91 812
173 549
70 52
113 653
171 47
74 698
23 670
90 24
118 276
96 284
30 245
137 460
128 75
83 800
144 94
171 706
120 103
166 591
15 352
174 127
27 87
85 126
49 319
68 662
148 775
142 756
116 228
51 389
147 141
130 76
35 190
38 802
84 261
126 808
116 175
110 771
14 57
9 745
85 606
45 436
84 173
168 576
83 74
181 372
82 134
181 289
137 381
72 319
4 716
150 605
144 658
108 207
142 319
65 621
56 244
89 278
171 647
38 265
31 312
79 769
120 581
35 188
57 760
22 800
100 815
107 724
124 12
155 102
155 228
93 8
150 680
89 8
59 824
104 452
75 318
77 95
163 386
121 164
124 809
75 248
104 47
100 235
8 567
125 413
88 493
125 722
158 213
131 344
88 42
140 277
105 718
79 46
67 461
23 378
97 154
141 801
104 102
2 96
128 567
58 33
172 56
17 517
64 773
59 86
111 80
70 689
83 56
26 96
162 193
99 636
114 43
141 157
142 177
141 815
172 102
44 349
92 824
176 813
17 636
6 331
31 790
41 736
111 193
1 614
59 62
166 451
179 726
140 589
57 135
125 222
19 550
146 760
76 129
154 526
169 478
43 14
28 201
17 749
7 615
65 51
177 446
100 392
67 707
8 828
59 131
87 452
122 734
127 28
34 668
50 314
180 645
82 821
111 683
29 778
85 225
122 497
37 404
136 743
156 510
75 470
96 481
34 678
3 334
124 112
169 653
157 275
74 481
61 266
122 228
101 767
144 635
37 436
27 411
138 723
167 764
23 572
59 781
67 391
101 11
165 401
26 208
9 756
105 786
115 39
104 639
135 63
87 35
46 608
95 161
135 140
85 640
142 173
106 679
4 132
169 90
58 327
88 556
142 528
165 827
23 639
68 401
133 723
92 694
133 342
58 301
109 167
34 797
46 529
155 691
138 560
127 76
46 519
93 525
110 472
50 558
92 144
78 380
118 299
36 779
152 192
166 781
1 532
9 54
29 429
34 230
22 160
17 674
124 787
146 36
71 581
149 184
76 566
56 812
123 174
21 437
38 715
42 823
68 329
100 404
50 511
156 422
144 771
138 569
74 139
122 280
17 445
169 649
64 363
54 112
30 6
67 120
135 757
28 159
48 621
47 241
24 816
129 242
134 384
53 176
167 506
118 390
54 251
62 376
114 781
89 595
70 245
24 182
64 66
96 301
44 151
25 550
93 172
96 795
134 188
169 560
148 627
164 450
175 725
80 163
165 603
18 101
46 779
147 486
129 4
5 397
129 44
167 4
92 659
159 1
118 322
177 73
0 268
26 690
150 609
8 11
90 231
135 601
166 53
45 725
175 772
51 176
153 231
138 539
22 702
30 184
13 222
19 745
18 621
45 262
2 212
60 397
40 607
83 119
54 347
57 650
134 72
62 454
33 571
116 677
153 763
144 258
147 368
159 734
35 117
43 669
38 686
79 362
82 566
21 501
4 90
75 123
148 464
36 475
101 413
40 345
93 85
176 619
27 664
12 200
80 447
61 332
109 67
152 446
130 529
36 143
162 366
96 506
181 324
58 25
26 184
174 698
46 101
76 84
43 743
17 318
106 566
39 602
10 595
133 789
139 200
27 26
57 388
6 303
28 526
1 305
138 318
139 801
1 467
49 5
117 369
77 658
99 741
86 282
175 98
21 342
95 175
171 809
32 84
0 10
134 272
124 139
94 94
135 374
134 666
146 623
99 267
47 174
146 299
22 671
158 507
164 731
103 737
111 647
59 83
132 204
145 134
109 593
156 485
32 370
158 289
144 677
55 719
95 406
151 165
53 685
142 312
102 346
131 113
144 627
124 298
34 338
74 365
102 656
120 387
70 326
52 56
98 355
151 493
15 119
78 73
154 450
10 149
57 166
31 9
134 822
167 834
131 222
37 66
29 527
81 288
152 590
24 547
116 259
93 769
137 777
168 364
37 48
144 147
53 652
100 634
102 365
85 266
155 532
179 380
107 581
4 243
17 726
23 367
176 407
57 171
57 80
4 655
115 177
18 783
57 818
32 131
145 821
62 349
20 509
160 527
111 50
31 555
171 698
79 179
4 48
8 747
122 408
3 633
94 397
45 486
11 164
120 1
141 630
70 755
62 18
82 363
9 125
168 717
26 282
176 225
5 154
123 335
17 541
13 774
77 707
79 127
38 620
64 482
135 266
150 616
118 613
75 129
33 166
2 441
85 316
149 590
162 705
24 154
173 393
120 177
104 19
156 449
137 784
21 297
118 164
115 74
7 315
146 436
138 28
19 190
48 411
71 265
159 60
71 556
140 138
129 802
3 143
69 685
116 546
146 159
134 98
157 410
64 574
91 624
42 81
82 196
74 787
57 502
122 816
158 144
94 537
142 136
60 210
135 686
79 88
20 832
60 729
20 634
179 217
47 214
140 352
150 354
84 652
62 606
160 161
52 519
138 802
70 195
23 713
119 630
0 569
107 454
115 345
46 51
160 454
2 497
178 203
76 219
58 265
89 284
131 737
170 119
132 673
74 632
92 117
125 599
67 585
83 744
133 772
155 454
97 265
141 89
5 382
122 257
30 457
114 630
90 104
161 148
121 287
84 823
80 158
48 63
144 832
136 773
18 542
20 638
35 552
126 812
11 244
143 8
2 600
34 303
51 583
92 794
61 592
21 540
0 269
2 487
96 170
67 768
162 120
56 801
142 220
136 561
112 110
127 193
43 110
52 517
137 740
131 147
135 331
141 246
104 195
144 25
152 283
106 644
65 135
131 151
155 635
130 372
74 215
87 305
96 214
3 168
32 146
26 195
46 363
15 147
124 708
143 376
29 605
133 415
80 815
90 84
133 825
50 174
0 758
12 705
148 272
105 432
41 252
41 525
57 441
145 162
84 678
13 489
174 330
86 498
26 653
41 17
29 627
147 42
10 14
24 381
13 146
73 682
68 316
103 307
22 553
34 259
117 796
142 635
16 45
94 637
143 378
66 320
6 405
27 553
178 83
125 613
10 71
68 796
6 774
69 677
115 805
134 94
26 415
27 174
116 319
41 295
165 342
125 720
64 208
54 584
120 121
54 741
41 532
80 251
48 547
10 246
65 52
66 608
22 427
62 63
15 386
180 207
6 119
95 295
65 17
164 354
42 504
137 72
146 634
50 585
127 30
108 393
176 786
114 623
46 305
26 311
77 395
134 711
141 435
36 728
111 274
10 682
144 194
104 310
45 187
138 232
22 17
69 193
18 86
149 187
154 583
20 785
108 399
67 581
5 709
50 770
100 390
42 239
174 170
115 831
85 361
93 81
71 515
149 669
52 335
162 314
23 389
50 745
61 512
132 28
18 544
20 149
19 570
121 795
154 232
69 585
125 709
105 271
59 260
123 582
53 751
65 768
97 365
154 94
119 816
134 329
71 215
48 789
66 319
122 642
174 143
130 102
69 48
179 820
127 774
74 169
5 698
144 380
47 654
113 199
67 405
26 624
166 37
110 570
122 222
54 599
161 217
153 14
97 198
10 410
32 188
77 474
4 395
157 284
123 363
31 783
3 642
109 497
171 351
140 480
20 92
165 643
172 675
49 155
46 306
119 655
63 355
149 8
80 156
23 800
62 632
24 682
62 8
133 568
164 733
44 596
38 775
123 648
110 461
16 121
118 262
51 187
17 334
15 314
180 105
123 252
168 816
29 706
114 830
108 416
159 31
65 488
38 449
74 194
102 648
98 580
76 769
175 705
112 473
65 334
7 529
18 796
4 258
62 578
160 570
70 149
18 723
69 298
3 291
3 759
159 38
138 203
137 210
27 235
33 476
16 731
45 829
161 462
119 601
90 603
36 352
131 694
53 605
136 131
148 298
16 230
8 107
74 437
14 188
0 32
44 673
78 207
132 366
48 613
139 750
154 128
56 640
134 253
91 711
5 639
46 359
75 614
36 467
164 563
100 314
44 441
69 310
129 183
37 509
154 717
10 428
126 600
113 329
178 160
93 480
126 569
5 132
96 42
25 627
119 309
80 825
177 256
142 800
18 162
87 258
163 797
58 517
10 127
89 712
131 159
6 672
180 657
45 549
125 805
114 447
119 662
160 567
179 289
161 440
158 328
137 779
142 286
42 296
114 368
33 157
93 79
165 487
80 494
150 455
154 739
114 272
19 441
39 808
101 430
14 332
52 299
25 2
84 802
134 486
55 93
61 141
57 187
146 203
137 218
171 313
114 722
169 290
27 57
0 803
154 59
176 110
155 463
145 135
79 110
34 647
164 829
0 179
179 197
140 365
7 287
85 21
118 204
13 483
73 14
145 211
64 425
43 182
176 105
5 429
3 445
23 351
8 1
158 394
179 46
162 559
156 368
20 476
20 359
82 218
25 721
124 722
12 281
45 26
18 652
40 137
12 611
1 39
102 612
159 166
178 829
105 255
136 566
155 53
135 142
68 77
87 783
59 278
115 19
89 429
137 509
132 658
162 703
42 765
165 276
111 456
115 719
1 411
109 324
154 296
120 422
18 453
46 294
87 517
72 244
149 175
180 477
32 518
168 681
177 140
6 529
142 82
97 522
30 239
96 122
177 285
68 215
136 675
35 468
118 18
161 550
1 405
86 516
179 209
176 304
12 781
172 581
27 690
130 324
67 60
99 309
114 823
4 541
77 118
93 688
56 767
151 75
161 596
59 53
9 53
149 193
119 604
133 159
68 486
45 563
45 298
45 233
102 305
131 84
117 781
127 509
88 384
63 322
99 239
30 495
160 368
117 0
135 670
136 119
96 160
51 806
21 508
3 68
157 145
129 221
101 647
39 237
144 526
87 43
48 234
175 66
37 342
133 298
120 525
132 146
35 459
105 93
23 706
0 288
159 249
148 148
122 528
109 105
59 513
86 45
94 548
136 165
7 113
83 695
35 191
21 106
49 663
92 171
85 358
17 129
18 190
137 736
118 306
121 233
54 539
176 50
3 69
112 284
74 524
5 833
4 657
174 178
117 94
0 553
25 610
104 761
156 700
157 207
49 199
151 453
106 474
130 430
56 623
164 326
157 32
151 217
57 313
151 803
97 744
159 317
138 115
108 199
78 513
92 819
82 526
103 758
13 34
70 663
124 764
158 358
92 143
134 276
108 442
85 449
44 763
104 315
81 759
108 423
169 712
58 704
61 76
169 337
105 352
12 535
18 724
112 288
106 243
142 545
64 9
153 240
25 711
108 690
16 534
68 455
46 180
142 291
67 761
181 727
41 507
116 416
32 378
59 568
29 656
72 662
128 730
156 245
120 36
130 176
64 788
17 627
37 445
37 511
87 381
66 343
9 594
161 430
120 224
125 768
65 279
106 414
18 704
56 172
103 745
154 20
173 759
69 570
37 721
8 356
84 632
7 396
133 692
137 782
71 746
85 448
172 413
127 219
142 383
157 88
91 356
103 62
72 298
85 775
146 427
81 826
118 235
22 199
76 595
77 29
72 608
59 166
104 445
19 524
92 34
22 287
35 806
134 219
97 203
160 795
156 256
36 273
93 32
87 197
29 674
46 694
6 359
10 676
125 704
146 638
116 155
160 395
127 417
71 728
29 347
35 761
68 267
110 799
156 658
84 101
161 801
114 810
69 590
23 347
39 452
172 254
14 124
108 289
76 282
109 43
11 709
38 390
101 178
5 760
140 672
88 260
166 817
178 461
155 93
162 737
32 310
173 745
21 388
168 353
100 542
21 424
179 178
47 61
49 434
15 721
114 590
33 429
55 591
105 418
12 670
35 449
9 82
92 301
40 711
178 664
13 769
166 834
139 343
98 325
136 828
66 584
71 808
106 139
33 155
38 658
28 673
12 674
53 459
41 492
90 473
71 766
13 525
142 537
63 371
52 664
27 369
126 761
141 275
141 692
17 310
107 172
36 65
65 611
87 831
20 518
45 528
57 732
2 180
18 441
103 625
1 788
74 798
5 119
131 399
122 708
133 828
35 513
123 474
59 769
107 560
51 287
144 53
132 186
32 731
111 70
92 734
92 203
137 621
181 213
26 558
169 664
152 369
145 510
90 453
126 690
107 244
75 189
119 310
137 259
149 252
52 22
108 7
153 688
61 559
149 412
74 314
26 281
20 453
96 409
74 774
167 164
77 266
28 629
142 148
169 779
61 33
161 583
76 423
89 113
107 808
37 568
37 106
42 832
31 145
142 265
114 288
179 232
19 603
160 400
101 310
130 816
109 94
181 562
46 589
76 213
48 437
121 558
179 672
9 525
27 373
166 310
30 328
80 153
116 624
33 31
7 544
76 20
93 311
121 559
159 612
5 689
6 621
54 355
13 689
69 61
105 341
111 544
172 789
77 132
127 680
161 183
74 142
39 197
27 615
39 158
62 416
40 501
150 581
52 574
123 44
140 198
53 435
142 560
169 186
168 131
156 479
34 236
16 729
136 257
57 739
62 681
165 797
3 828
106 180
27 67
20 614
169 544
106 258
23 188
4 0
168 97
7 215
23 628
130 709
109 117
124 119
125 791
158 139
158 575
137 783
7 722
0 621
161 413
42 142
39 215
77 42
130 346
168 368
94 753
158 357
147 31
4 428
50 691
151 623
137 326
92 294
51 623
39 226
176 720
61 193
162 251
52 785
69 781
119 494
83 257
32 606
180 411
30 820
90 665
117 205
142 437
35 241
106 408
173 474
74 65
133 627
162 241
75 217
63 11
9 490
47 151
29 257
95 79
60 156
171 470
0 79
24 519
82 252
81 489
36 92
167 531
165 716
167 468
143 218
8 444
137 124
66 286
143 18
55 195
144 540
131 519
39 742
136 130
79 740
154 558
89 38
36 530
61 685
145 377
38 581
169 630
5 97
64 493
39 657
143 254
1 248
51 332
87 676
179 485
88 128
113 30
142 178
134 431
10 426
63 718
128 794
82 122
17 518
165 539
116 318
97 153
72 132
85 508
7 736
25 299
1 109
134 788
40 39
155 105
149 359
138 182
35 334
115 657
5 182
44 411
82 685
1 102
46 6
113 213
39 614
129 328
142 237
38 516
116 351
167 661
141 733
61 485
48 742
126 492
45 236
140 113
61 181
104 264
27 167
76 493
18 787
135 708
5 19
85 793
138 541
144 475
13 693
20 761
99 545
79 654
149 710
87 806
89 202
106 402
129 404
114 761
19 543
24 652
10 830
40 445
49 569
147 421
60 279
17 278
90 431
122 482
23 138
173 486
17 671
134 86
163 762
119 2
107 792
115 710
32 621
83 380
99 119
41 445
132 485
90 57
43 486
86 670
48 148
19 782
110 812
135 166
145 57
55 358
24 623
166 466
35 678
94 176
125 391
64 3
45 535
21 631
44 204
130 307
66 386
60 548
126 527
117 721
152 250
34 294
48 174
30 72
171 763
85 595
38 476
173 47
58 159
0 312
154 383
23 543
152 735
94 675
165 382
171 242
128 433
176 830
109 394
9 757
60 267
136 757
118 236
145 46
61 475
60 760
73 555
84 37
34 585
35 558
13 358
19 765
12 255
177 768
174 249
4 532
91 551
126 626
142 418
165 704
138 409
160 180
123 326
47 176
141 346
24 404
157 272
116 428
144 375
122 773
178 512
76 525
164 116
115 301
130 654
17 341
137 385
59 93
118 349
98 634
92 138
3 386
163 520
180 289
61 203
18 562
106 311
137 113
130 580
18 448
90 214
53 378
112 610
156 421
20 101
78 170
138 657
169 120
2 713
24 608
168 17
51 374
148 826
63 630
81 12
27 643
106 749
82 770
114 512
109 29
136 69
181 246
1 799
165 425
146 232
39 822
47 540
167 399
162 131
143 194
167 233
180 728
54 463
14 223
75 506
57 592
7 810
129 473
178 693
12 802
12 324
2 617
88 445
105 677
164 30
155 352
58 163
116 679
163 384
108 676
15 18
170 586
85 367
76 205
47 693
51 19
7 69
40 559
181 204
2 740
45 553
138 327
83 327
96 111
45 731
10 170
148 352
150 28
63 73
2 313
95 202
137 613
34 48
126 784
64 311
94 739
112 453
179 486
125 104
59 94
166 105
58 742
119 268
58 740
13 119
41 811
132 85
105 532
96 703
134 44
19 413
39 656
96 677
110 62
41 521
83 303
177 625
94 655
90 507
18 583
172 732
54 433
74 115
76 666
33 399
78 237
181 98
78 6
12 254
110 78
50 162
54 37
67 735
69 812
88 329
34 249
112 102
85 383
59 533
140 66
143 671
63 148
95 305
163 632
170 808
114 577
150 640
90 359
10 447
140 753
59 297
67 292
176 473
112 672
59 239
115 38
87 383
110 108
61 560
173 630
166 174
29 737
165 825
134 734
80 273
127 384
13 590
20 756
7 150
3 249
181 139
53 87
98 537
34 767
111 3
131 246
169 262
142 468
72 447
96 830
174 550
147 433
116 197
40 576
66 414
180 283
25 180
95 8
12 691
58 63
34 558
171 101
2 251
47 811
48 620
152 125
132 497
61 417
168 153
22 579
147 306
125 92
36 570
92 495
94 435
92 55
126 348
160 296
67 285
94 143
92 505
147 321
165 564
159 235
104 564
129 597
25 751
7 75
97 405
181 781
106 222
108 677
53 665
14 364
3 17
155 777
88 729
166 467
94 406
66 388
150 786
118 745
72 565
148 546
137 746
64 750
81 611
117 479
7 756
5 54
96 159
48 192
178 522
98 551
139 578
150 621
26 8
13 612
97 734
179 275
141 359
134 95
93 49
161 569
55 554
181 748
43 31
78 338
22 680
23 27
126 53
89 485
3 335
74 562
102 773
107 365
98 549
16 0
5 9
50 782
52 90
172 671
111 635
169 744
70 487
38 780
54 368
36 732
158 579
106 332
139 401
49 53
99 338
146 16
42 220
149 243
130 395
84 447
7 796
130 579
45 365
173 8
124 313
38 33
66 123
47 510
73 744
129 289
176 734
130 444
47 595
6 799
66 780
161 188
116 190
138 432
82 245
140 615
164 630
145 656
66 457
35 87
105 46
151 531
106 550
108 99
65 715
38 284
83 473
140 574
60 292
150 5
119 800
0 0
119 704
141 379
99 20
66 787
87 352
29 481
29 582
74 191
166 142
22 473
153 530
58 349
52 585
12 526
59 742
36 394
40 589
115 255
160 105
172 455
166 232
43 548
55 695
181 824
142 588
96 468
116 436
157 1
157 675
39 486
165 483
19 783
99 355
169 392
68 539
132 605
84 306
166 56
37 23
57 63
167 582
142 563
8 284
95 169
19 13
162 250
114 533
5 269
111 789
112 552
135 716
75 725
37 760
6 45
174 694
90 813
174 145
68 47
174 652
119 445
179 456
156 795
0 817
26 233
128 330
66 32
9 16
167 507
175 181
98 521
73 669
51 190
14 99
170 760
106 814
100 762
102 320
30 717
42 331
30 214
82 812
67 497
151 283
69 678
38 241
30 543
69 719
160 48
150 71
61 163
97 242
160 486
33 177
72 709
165 339
152 171
6 411
47 529
52 260
88 312
94 357
75 28
139 72
31 741
97 262
21 519
112 831
163 456
140 260
145 402
150 759
162 524
46 258
126 324
163 567
1 541
156 233
84 291
146 408
29 809
63 662
108 237
61 467
106 675
38 566
49 230
85 284
15 593
137 720
106 543
10 741
133 543
171 631
131 255
98 601
15 509
14 35
58 612
46 211
158 263
111 207
41 719
112 340
83 233
51 152
96 576
171 111
170 37
178 733
14 743
106 431
177 777
56 828
36 74
66 84
112 36
24 757
85 342
46 624
52 455
15 530
108 153
165 70
15 595
176 261
126 728
134 425
68 519
154 472
84 185
136 423
42 819
130 237
23 43
140 544
88 595
58 131
169 181
157 694
150 716
19 715
152 814
176 785
157 769
118 173
31 740
100 384
23 3
18 167
75 504
56 402
104 732
176 122
115 810
21 434
176 231
144 376
106 201
91 115
146 211
27 569
94 1
117 549
127 337
164 356
49 821
134 728
52 169
150 821
164 415
6 173
143 582
130 225
58 477
36 719
67 219
112 165
175 592
172 201
104 731
89 514
130 174
66 629
57 830
102 160
84 439
95 310
5 632
119 336
59 4
106 252
92 99
12 417
139 300
64 734
162 533
133 830
99 221
65 156
139 249
66 450
106 216
83 122
62 411
135 98
113 229
103 424
93 595
169 208
26 609
23 413
134 443
169 333
68 95
50 765
120 179
173 226
136 139
148 687
164 91
73 710
22 651
160 833
133 257
111 312
73 573
121 326
132 166
78 141
72 109
147 525
64 556
9 750
108 766
41 497
43 665
135 499
155 16
50 634
45 526
66 580
1 542
166 657
118 310
151 104
30 286
142 802
158 588
145 773
65 708
0 696
106 515
57 16
46 116
84 440
45 514
53 796
49 647
100 660
67 640
98 61
149 487
20 651
82 117
137 138
148 126
36 766
82 789
116 37
93 53
76 111
160 532
176 671
45 533
30 562
45 546
62 312
126 700
61 528
87 465
124 555
165 595
105 62
113 132
172 629
164 601
180 351
30 525
156 236
132 811
105 276
154 617
107 623
38 194
69 365
26 316
50 803
92 778
50 465
162 712
125 669
6 661
180 464
100 409
34 752
101 453
71 272
27 598
117 763
151 15
99 254
119 204
87 704
60 497
90 654
97 481
82 278
146 120
58 651
128 374
135 201
110 801
33 130
76 433
117 42
58 465
105 537
164 585
101 691
25 270
20 671
19 149
76 65
9 109
3 715
174 776
156 690
152 296
173 161
159 567
172 589
24 412
60 312
171 78
60 762
98 176
132 318
8 797
2 653
90 113
18 309
135 784
85 729
128 183
117 832
121 528
157 358
80 809
42 312
172 680
65 553
30 577
14 648
1 255
77 686
85 161
37 303
48 523
27 107
121 314
38 731
134 768
98 698
28 467
121 771
146 785
34 33
178 432
101 23
26 44
11 87
91 702
102 534
155 127
16 798
150 450
145 170
164 629
177 87
79 8
179 683
74 708
84 481
31 154
76 270
87 651
45 627
63 550
67 618
122 712
94 547
76 696
139 264
27 741
87 649
82 403
28 574
167 35
115 451
68 447
170 747
160 302
173 778
101 780
0 297
97 388
73 146
137 121
20 105
116 94
170 248
180 442
70 437
124 489
56 25
74 530
136 402
3 611
94 44
166 700
126 354
126 570
9 688
15 536
76 671
7 273
118 115
98 78
85 45
172 773
61 518
76 416
8 751
166 713
113 239
181 569
156 189
154 694
148 219
76 149
45 123
70 96
41 652
37 623
50 609
28 764
161 99
11 274
179 337
71 296
125 409
181 383
41 119
107 27
135 233
16 165
64 534
120 23
74 345
172 423
0 376
110 710
67 413
34 313
93 599
166 634
94 501
65 451
26 409
35 186
8 381
68 510
52 763
67 398
158 555
167 480
60 315
107 253
15 0
56 507
26 811
141 180
181 356
125 608
162 512
157 600
106 768
15 786
75 624
181 808
73 251
140 269
88 358
162 455
96 834
123 103
58 625
21 726
168 519
104 384
113 204
89 134
82 32
24 317
51 337
22 123
35 621
32 160
139 132
171 761
126 551
44 63
164 401
121 599
156 531
155 304
159 360
36 53
85 590
32 773
58 804
35 85
91 761
7 621
180 826
153 630
165 180
17 595
62 357
24 725
68 250
155 582
25 184
120 73
166 626
106 507
173 166
23 55
65 392
106 430
181 785
181 377
24 1
73 615
173 14
141 230
174 268
31 409
102 79
79 706
158 690
43 67
104 156
33 795
164 127
119 74
94 722
81 385
41 150
104 126
103 33
170 693
178 444
102 187
176 604
92 396
88 458
100 582
110 165
72 236
8 579
106 337
175 53
166 68
9 9
94 115
11 4
4 71
124 810
119 84
139 362
175 225
125 286
36 90
156 146
74 451
81 341
102 620
129 56
30 52
49 24
170 312
2 75
80 318
56 498
43 817
95 560
148 29
53 204
45 58
80 3
134 467
154 631
99 799
168 269
3 654
121 341
88 13
12 679
154 408
9 443
7 421
22 121
152 727
82 639
140 650
173 714
118 549
115 824
8 703
102 387
73 621
69 107
181 131
40 68
164 302
43 470
69 256
178 660
93 818
135 333
146 11
139 0
31 395
130 79
163 271
131 301
68 544
2 7
20 727
3 211
5 443
145 367
101 592
118 217
92 623
104 305
109 510
144 473
146 571
41 434
49 557
58 16
57 467
131 553
168 16
80 228
156 224
103 337
171 104
22 406
59 494
90 560
10 803
26 711
67 45
82 42
123 93
17 747
85 311
51 439
11 32
144 708
93 704
31 279
132 537
26 532
89 287
153 672
144 583
117 238
21 793
80 548
100 437
115 676
82 688
82 613
88 138
24 500
85 143
70 593
14 445
64 35
104 54
140 14
57 10
38 21
178 473
20 375
85 382
176 501
60 83
13 799
114 784
11 170
173 256
56 287
85 531
158 160
34 358
162 306
116 333
175 775
123 125
171 2
111 493
130 244
78 597
157 823
169 269
44 226
73 197
76 604
0 238
170 539
155 345
119 488
87 238
159 210
164 48
23 118
109 723
63 150
107 435
142 787
52 562
30 240
64 400
6 727
164 816
106 184
37 632
124 194
34 86
108 518
142 831
130 316
165 176
93 715
9 268
15 773
120 748
71 491
115 296
68 470
72 112
96 589
22 462
118 589
160 663
52 803
20 346
140 823
43 459
15 805
90 638
54 551
69 33
33 2
181 70
176 570
132 388
52 57
95 465
146 654
0 386
83 755
37 97
165 831
127 282
54 470
75 385
164 420
117 515
95 565
107 191
160 114
114 453
26 608
42 822
109 580
115 680
105 4
3 683
86 347
61 221
174 351
178 441
47 327
27 778
0 643
115 292
101 773
147 473
143 393
107 348
138 426
61 687
85 386
32 134
106 16
157 100
99 293
160 822
14 176
47 716
57 713
57 787
132 527
32 701
26 551
84 237
88 642
105 179
135 169
98 2
107 460
72 798
162 783
65 249
41 192
17 376
42 770
178 465
52 776
47 291
113 738
109 120
114 72
20 132
142 224
44 303
144 36
67 778
139 775
159 32
169 108
7 283
164 833
95 816
133 704
101 597
153 121
33 178
20 174
136 184
75 518
5 114
122 98
97 457
162 772
128 721
171 620
149 57
126 204
167 522
130 280
111 542
42 429
13 142
147 437
91 548
57 202
100 398
160 619
131 30
59 666
33 294
81 47
21 650
127 208
116 711
140 74
128 99
179 405
62 530
55 162
176 331
157 184
97 432
42 74
138 537
118 717
178 253
109 345
118 429
81 528
20 605
127 543
30 207
106 359
58 364
150 466
22 716
164 558
39 823
151 8
12 776
18 558
10 105
147 682
126 293
1 463
172 602
16 290
139 371
170 102
34 17
145 816
14 161
136 774
164 383
2 166
144 585
22 185
43 412
2 644
37 376
128 758
24 451
163 668
54 637
60 656
8 618
53 331
129 783
19 224
146 524
24 153
84 485
85 592
113 262
86 263
165 86
164 124
68 242
166 538
137 503
82 782
161 530
23 545
58 486
59 447
88 421
123 416
47 385
107 626
172 334
147 386
78 718
180 262
135 585
151 616
28 342
108 697
96 198
175 447
124 2
108 790
7 329
160 2
70 91
145 139
174 648
51 533
54 410
53 230
105 57
109 743
130 765
132 16
138 685
40 783
64 232
93 112
120 119
66 277
141 662
44 232
82 221
124 217
30 224
57 120
113 533
9 769
125 177
23 65
62 832
131 220
8 80
62 534
6 7
162 506
12 2
83 368
118 267
39 513
85 773
136 665
4 98
109 625
13 207
77 272
154 283
22 491
41 320
62 322
80 97
115 743
34 489
133 408
129 625
152 354
125 306
180 670
40 77
102 317
37 639
175 396
40 719
66 103
179 195
5 563
158 58
40 628
24 133
162 410
128 148
68 388
105 146
68 58
68 710
177 74
103 357
70 36
78 218
140 271
58 384
100 253
97 244
7 619
39 241
34 695
24 437
18 44
103 351
133 61
71 347
60 5
44 706
57 227
16 658
180 353
176 423
48 397
158 496
127 402
52 687
74 85
0 493
79 550
110 284
27 768
72 833
50 494
17 451
66 581
69 450
51 145
0 71
90 40
167 515
96 249
170 358
81 93
46 85
181 830
148 747
87 169
78 404
47 250
87 744
174 100
36 735
49 358
75 202
15 579
32 395
51 170
91 342
163 809
27 205
163 98
89 144
28 469
64 449
121 213
6 67
155 310
49 636
33 757
95 211
97 311
56 14
129 317
117 447
126 376
4 207
143 810
75 822
8 317
11 816
132 280
166 301
33 641
83 525
89 339
92 69
118 502
0 20
170 702
69 783
138 126
101 136
167 543
169 62
10 405
57 337
158 667
101 479
59 369
140 676
145 123
37 505
167 154
28 147
62 126
48 34
48 516
23 638
144 385
33 281
166 494
170 718
14 458
104 781
178 222
30 142
128 345
145 763
126 364
161 484
126 110
32 108
125 554
165 583
34 352
146 827
38 301
3 804
150 12
172 829
131 423
81 4
100 280
5 430
30 261
4 222
83 704
48 791
142 327
105 19
55 73
78 199
134 236
133 121
27 466
48 801
18 91
81 549
168 491
163 780
22 530
0 367
162 618
54 337
12 476
140 127
84 623
107 442
179 169
12 810
10 762
133 577
61 671
38 156
166 147
136 168
85 548
21 149
135 21
167 754
78 600
60 294
116 770
142 353
74 8
94 751
46 457
42 178
159 220
61 171
179 385
119 606
85 566
41 50
151 816
111 713
4 832
3 699
0 442
19 334
171 137
66 293
148 537
160 763
112 557
99 554
103 704
108 624
16 583
80 566
3 819
76 212
65 547
49 112
67 393
138 229
180 129
100 601
153 533
17 157
26 422
64 273
63 14
8 290
142 116
176 400
71 321
165 761
93 69
11 551
80 545
69 78
168 471
104 183
64 355
139 637
9 650
76 18
140 437
121 805
74 155
74 704
19 725
32 832
53 185
30 102
14 505
23 611
115 415
81 678
22 444
78 705
6 110
117 429
28 230
80 775
20 767
103 30
130 486
117 209
48 143
137 3
41 758
86 808
92 359
110 88
96 317
143 775
13 625
27 648
51 254
132 111
132 574
113 47
117 223
56 92
12 548
116 490
134 582
10 214
115 211
84 477
87 141
150 647
99 823
6 59
23 701
39 343
136 637
100 185
13 154
99 344
36 574
140 374
134 825
125 753
128 176
117 315
6 378
4 468
99 296
175 440
177 515
181 259
97 496
67 525
52 113
93 204
27 201
144 723
7 761
138 337
23 58
52 742
118 196
12 38
53 324
102 223
138 521
179 105
129 236
152 117
42 156
37 479
155 563
99 825
81 234
96 401
144 736
133 566
166 610
100 271
84 55
161 519
25 102
126 506
81 736
146 774
112 717
9 626
171 60
114 179
154 549
15 552
59 46
152 565
176 222
103 3
124 581
120 481
5 583
113 215
149 340
48 777
139 712
16 587
152 97
172 3
23 248
177 437
145 493
140 234
133 0
16 715
9 610
56 357
17 792
72 51
53 404
146 540
54 723
46 287
86 357
73 637
31 666
77 182
82 616
156 282
33 270
165 494
173 380
134 626
125 440
119 688
175 572
50 96
23 381
95 268
88 56
158 789
155 68
115 659
110 381
139 61
95 650
73 27
80 115
31 321
147 442
107 648
165 489
49 385
82 478
131 750
101 459
25 309
103 592
161 71
15 376
79 780
107 81
14 444
145 572
20 138
120 830
13 416
41 387
25 441
105 460
144 288
159 646
31 517
117 391
149 182
56 374
132 70
113 182
31 792
148 501
75 746
181 403
77 167
144 307
79 714
179 834
106 362
46 731
20 554
96 383
63 813
42 147
61 261
179 618
64 528
172 800
119 48
79 439
73 663
13 123
83 426
157 533
86 829
10 87
30 727
136 770
1 759
33 129
92 291
81 717
13 328
48 807
81 676
144 362
35 825
63 686
30 129
51 425
13 787
75 702
97 558
53 520
36 534
169 380
8 45
58 473
111 141
29 687
176 763
23 371
11 124
30 526
28 243
15 819
139 630
114 323
145 223
169 125
20 759
56 212
58 771
42 105
63 715
54 494
118 170
176 333
50 430
91 640
173 701
1 587
181 229
56 433
148 607
99 809
58 540
58 80
124 448
33 783
98 333
53 560
173 443
73 244
156 212
89 798
11 526
175 325
41 441
107 747
142 176
95 526
100 246
44 781
144 679
163 223
69 693
5 278
74 163
135 51
74 566
170 631
52 32
155 137
77 520
91 318
139 40
131 722
95 28
71 824
67 517
141 444
101 449
73 731
93 486
132 406
68 430
21 624
63 115
115 209
129 180
115 284
28 360
7 320
93 734
101 768
118 677
135 663
99 792
134 815
44 115
117 224
56 480
6 565
51 257
51 177
104 831
179 769
58 326
178 286
137 263
149 86
121 382
137 111
127 818
178 210
95 548
8 263
20 825
42 473
164 644
42 636
33 276
98 17
121 56
23 444
0 243
131 467
23 192
131 816
118 384
127 21
174 770
39 766
141 721
150 487
109 701
26 375
181 340
85 730
31 73
135 774
169 355
181 548
151 197
7 503
157 370
41 396
106 208
119 339
175 568
139 567
90 23
55 700
21 759
127 716
102 209
13 670
14 714
37 783
179 529
135 825
110 282
94 715
156 676
106 227
148 462
10 86
13 156
129 652
67 436
50 54
157 714
68 265
88 522
109 191
118 803
49 772
89 535
181 681
103 306
26 119
176 590
92 53
43 762
100 237
146 80
54 692
104 688
69 673
85 718
43 123
31 121
78 483
15 454
70 290
74 414
61 660
129 267
91 167
31 270
102 440
147 101
124 668
115 248
87 271
54 13
138 348
160 510
143 785
125 415
85 411
20 155
90 708
154 34
154 705
88 569
92 86
65 362
164 276
86 374
3 593
24 580
46 206
149 465
137 819
51 327
16 769
90 639
74 535
56 250
112 269
59 141
147 427
46 598
110 724
178 656
28 457
129 471
136 621
115 601
62 170
102 768
44 118
43 379
35 491
96 525
114 344
56 766
2 113
53 326
100 324
170 777
113 685
48 304
60 408
130 831
69 521
14 330
156 631
114 67
134 88
39 263
33 438
156 293
0 315
18 369
47 794
175 208
154 578
12 125
52 815
57 299
21 533
7 730
93 606
108 257
19 292
0 580
124 720
153 604
94 10
74 261
112 173
117 805
18 500
24 727
70 101
108 148
9 124
23 482
52 174
150 74
54 619
160 316
147 9
56 6
100 748
37 69
157 430
38 308
141 725
13 450
123 654
145 673
76 161
174 317
146 471
56 796
15 704
127 606
44 267
165 114
67 469
6 53
103 396
154 422
6 765
52 633
93 542
41 91
131 605
131 597
59 601
23 89
57 458
170 1
90 341
76 726
44 47
74 743
15 250
93 174
15 695
100 534
47 705
59 5
97 572
75 2
105 731
112 570
84 676
137 190
71 248
156 713
95 261
121 45
44 416
14 338
60 644
29 535
136 458
94 6
87 373
120 274
143 114
61 596
49 809
108 597
77 111
88 822
97 215
11 413
74 7
72 49
178 420
67 738
54 43
9 782
60 160
85 811
128 291
165 340
55 238
49 100
139 795
118 131
116 390
16 102
168 788
104 157
178 777
163 727
119 627
20 205
133 103
23 328
152 645
121 112
97 784
169 800
117 394
62 590
10 746
177 740
121 648
105 314
131 652
170 161
134 56
173 685
174 120
8 756
80 230
80 683
123 135
9 532
60 32
181 54
94 764
126 91
68 246
24 395
43 125
77 340
96 497
148 596
33 638
161 510
127 608
85 151
97 5
59 808
5 322
44 734
102 595
159 19
159 665
64 549
131 157
112 331
14 724
93 297
69 770
119 129
106 379
111 501
77 679
148 580
176 168
49 213
34 138
156 111
157 46
148 618
168 463
0 654
103 207
51 33
147 666
100 769
57 512
177 709
107 374
153 611
54 9
30 737
47 331
34 215
178 170
164 202
175 454
53 731
57 117
114 457
169 752
68 306
87 445
162 821
77 183
46 706
20 608
128 786
129 346
12 418
26 533
48 66
92 531
100 282
24 183
150 447
56 13
168 116
98 743
96 69
79 406
78 740
146 64
14 135
41 754
121 547
23 582
121 697
56 606
36 330
15 541
71 739
139 176
160 171
80 257
0 774
166 54
166 633
117 786
26 120
52 805
147 825
160 182
56 752
27 222
180 763
133 534
76 754
167 482
177 198
1 189
130 232
161 820
46 766
53 154
27 212
25 735
69 697
97 381
163 450
123 46
156 392
14 13
171 184
149 826
173 768
14 212
93 612
46 621
143 469
34 721
33 284
26 692
17 372
29 659
168 370
171 212
39 386
59 320
3 224
141 247
125 287
135 459
77 195
15 49
91 527
38 441
50 728
80 253
148 690
41 762
85 176
139 792
131 331
44 805
146 476
175 419
12 637
130 363
34 394
84 524
125 755
95 328
38 515
132 514
119 219
123 514
35 728
41 816
88 303
100 823
89 576
49 331
131 186
58 728
172 329
118 728
4 287
130 166
152 327
110 210
75 345
145 573
14 433
48 106
177 102
4 779
104 624
102 286
82 834
26 571
81 227
71 58
56 158
79 744
73 241
65 775
92 665
69 178
115 661
37 713
133 9
124 536
117 375
168 527
43 318
66 729
46 220
68 153
76 791
117 473
115 202
157 603
147 364
34 753
9 265
33 689
23 602
135 393
176 650
16 2
68 609
24 588
148 643
129 577
129 474
103 268
2 492
39 661
165 728
150 64
29 571
25 718
173 473
48 684
126 202
28 588
171 186
92 792
62 340
123 269
137 676
158 545
53 297
75 813
88 758
84 259
68 281
21 576
93 115
50 589
144 470
96 127
9 557
92 603
156 26
68 354
84 157
126 430
28 710
179 483
181 462
136 357
12 445
57 204
52 314
25 782
72 252
48 39
104 278
85 559
88 192
150 102
53 98
171 630
91 102
115 347
138 73
164 138
41 625
120 333
103 113
41 486
105 16
132 278
87 152
58 297
129 674
53 769
28 516
173 597
172 234
102 587
165 642
125 680
64 692
53 543
169 513
52 272
50 271
150 383
165 362
159 634
61 815
31 606
152 167
102 578
44 430
62 581
175 667
159 826
23 520
126 80
9 0
105 6
88 356
150 495
63 563
106 240
4 305
45 459
85 678
31 291
35 263
114 299
8 370
23 723
59 635
44 554
156 814
103 59
167 364
124 825
126 579
50 23
126 176
128 250
49 267
151 381
176 817
27 208
167 598
169 614
77 816
28 697
155 644
116 392
7 537
3 477
49 14
5 103
58 178
154 364
170 227
179 72
129 549
99 215
82 419
141 495
148 191
114 363
180 638
177 10
75 417
31 779
163 423
181 334
107 261
79 98
85 229
96 636
77 601
20 258
124 296
79 64
80 60
89 441
89 411
53 49
119 392
137 647
99 516
106 363
129 163
38 819
176 11
36 243
108 633
159 631
175 408
169 351
112 218
177 614
24 456
17 80
27 143
71 540
101 510
36 517
168 433
110 245
10 61
92 3
123 613
13 247
126 601
44 97
83 279
125 456
113 59
153 157
103 338
178 831
142 448
36 390
135 794
98 278
146 649
61 474
96 300
76 628
40 539
36 77
8 151
42 326
80 5
154 257
99 169
128 444
163 298
123 741
128 382
46 281
54 787
47 659
17 24
166 111
31 588
130 622
122 656
89 648
117 371
114 27
90 492
106 452
40 477
117 494
180 366
124 593
38 340
159 392
98 494
5 72
18 635
177 826
42 161
118 111
56 121
73 36
120 345
67 22
121 583
13 97
23 505
55 367
37 539
132 63
163 53
41 696
137 571
120 459
44 516
101 559
117 788
28 768
138 545
137 802
49 413
50 443
24 525
158 665
21 210
157 535
176 145
21 338
90 652
55 35
33 609
40 348
43 15
51 424
83 726
157 235
40 508
103 81
108 298
62 204
43 28
130 191
144 434
74 341
91 84
55 621
107 483
119 87
117 210
119 437
97 106
161 539
33 333
39 9
6 785
165 373
88 387
35 440
151 213
34 454
103 165
115 697
105 757
139 245
27 540
101 182
166 822
74 63
158 708
41 176
142 133
71 388
175 369
35 827
132 68
177 190
34 137
2 247
43 645
64 644
171 676
160 469
26 178
126 426
155 530
61 435
36 812
105 636
56 321
103 1
118 195
0 349
55 132
147 519
7 623
57 92
179 655
55 702
42 580
2 496
46 236
117 514
144 654
172 67
159 87
0 407
133 603
38 695
53 76
40 579
149 650
39 379
171 561
10 735
34 446
70 707
116 163
12 225
86 624
152 93
124 503
150 546
143 118
31 576
41 112
155 548
181 355
45 303
20 135
29 816
167 240
20 467
55 338
86 660
123 371
112 243
117 492
47 536
21 601
145 418
137 549
82 509
91 804
138 597
84 168
86 439
57 17
143 12
169 607
65 644
162 632
55 48
15 249
72 55
36 112
167 66
56 679
68 125
118 655
13 742
162 517
118 482
140 192
134 363
63 357
101 339
72 563
42 638
79 452
126 212
109 484
164 664
61 545
101 778
7 831
153 407
171 388
105 115
97 66
92 774
112 384
129 161
112 536
134 262
142 733
33 685
100 383
180 808
49 831
141 55
145 80
15 26
56 660
18 343
99 205
144 632
45 781
12 359
65 164
109 632
83 831
6 302
180 160
144 314
89 451
111 728
71 668
74 577
116 473
70 482
54 487
19 322
26 102
156 504
64 320
45 316
30 2
42 44
93 229
72 554
83 329
35 364
155 382
69 411
169 524
114 188
40 161
93 97
108 651
76 454
99 466
65 363
170 80
91 781
166 790
30 94
32 500
34 608
122 362
75 652
143 380
56 760
42 143
178 576
123 346
169 426
106 469
39 112
30 561
175 700
91 454
26 682
4 609
179 421
66 627
151 561
70 563
119 214
19 370
87 570
163 371
5 250
34 465
40 775
155 796
180 12
123 248
32 657
61 580
173 42
66 207
136 469
105 546
83 361
173 471
126 415
130 652
150 595
93 834
108 485
44 236
108 209
176 363
32 279
117 61
75 442
34 824
131 352
67 281
130 504
21 474
66 363
32 230
22 27
103 295
20 362
155 358
57 599
32 434
57 643
146 428
77 232
66 375
40 386
106 831
21 666
175 282
175 698
69 469
110 813
17 211
37 145
132 15
81 832
159 143
90 448
178 161
50 247
47 81
63 78
119 677
15 171
77 699
52 404
110 415
8 224
118 226
110 548
2 595
151 380
28 476
137 696
79 296
1 330
1 264
54 563
41 691
0 286
120 579
139 323
164 259
94 808
82 774
87 697
156 628
17 101
125 242
75 354
178 38
143 84
153 824
122 183
138 139
154 54
126 171
23 689
13 592
102 108
7 564
10 487
67 494
38 699
57 449
138 190
89 410
140 714
13 164
108 477
35 266
55 189
172 558
64 524
74 388
164 574
142 52
148 615
112 772
47 363
25 356
24 560
88 438
181 544
67 102
125 96
101 709
168 313
31 598
64 174
48 264
44 595
177 110
135 42
70 515
151 260
165 32
60 344
93 187
127 49
169 232
24 504
100 143
48 682
136 434
91 184
67 564
118 711
132 556
123 768
61 35
14 265
102 165
120 526
131 834
27 803
147 538
83 617
181 143
124 374
173 429
171 167
43 726
142 39
17 126
70 666
72 159
34 634
15 557
96 580
136 783
99 683
97 129
85 322
6 262
37 226
177 587
55 305
107 385
140 25
100 770
175 803
29 685
104 346
157 783
149 363
121 434
131 381
61 7
58 251
1 650
2 408
146 260
14 361
164 437
114 391
46 811
122 684
143 531
113 158
148 495
3 89
71 30
151 488
21 221
178 445
45 520
129 494
58 65
151 81
75 100
179 611
157 490
35 16
30 337
66 543
116 819
178 832
65 726
46 353
110 478
121 70
68 833
145 548
65 152
151 555
177 798
61 316
107 350
129 677
24 119
104 440
24 569
134 260
40 469
123 208
151 333
163 385
5 734
83 559
10 368
181 116
28 772
165 450
154 115
141 494
35 76
74 547
172 616
72 594
53 749
130 63
155 725
68 296
171 627
124 493
116 85
73 180
45 283
12 493
94 303
43 428
164 548
124 133
154 565
67 204
178 247
122 581
95 177
25 118
157 65
89 663
108 279
178 641
119 481
154 387
123 585
65 562
139 151
100 129
165 40
166 673
86 103
131 102
162 639
27 744
105 759
50 501
63 626
146 235
116 431
132 412
71 466
87 334
76 510
110 258
144 738
46 202
70 492
30 536
152 175
13 551
0 313
158 528
82 373
66 336
58 438
92 655
19 156
140 793
158 786
77 706
153 757
26 829
156 63
93 419
177 232
18 403
161 190
65 348
180 67
50 486
126 251
37 149
140 378
66 229
142 600
179 814
35 560
153 56
139 139
80 786
130 33
69 171
99 259
165 794
17 599
88 725
164 506
69 276
96 461
0 106
124 400
16 763
158 47
63 122
109 295
97 542
106 453
28 679
60 473
16 792
117 632
41 750
179 504
15 759
150 348
0 615
135 16
72 432
0 223
57 447
139 514
150 302
141 605
26 474
13 117
101 690
102 734
176 684
144 270
88 180
30 583
130 415
1 250
129 572
73 598
91 626
8 683
118 361
179 280
124 402
97 164
37 513
36 50
164 529
7 627
18 680
22 656
109 55
88 179
147 613
116 63
89 741
99 282
161 607
135 349
20 772
163 13
136 68
170 85
4 117
181 106
161 663
54 505
11 448
154 553
109 764
28 381
110 725
115 5
15 546
109 231
62 786
97 246
95 63
140 526
43 658
46 715
167 385
6 43
21 734
57 327
40 405
148 657
138 165
91 264
56 32
48 242
151 558
115 145
63 569
58 219
134 470
76 788
12 785
151 307
155 773
162 207
44 366
23 241
0 89
98 144
134 609
68 569
53 4
176 773
45 281
7 72
89 29
22 360
80 406
88 669
77 360
28 799
35 684
109 11
167 430
66 261
163 404
117 415
3 287
72 290
139 348
139 787
39 419
25 206
3 652
159 343
35 378
159 792
168 119
62 234
40 740
140 276
181 34
179 804
63 704
4 446
60 561
90 514
39 80
111 468
109 664
160 300
102 179
133 459
49 322
177 295
135 664
118 292
22 812
45 227
13 719
81 145
2 719
134 93
51 269
8 31
134 214
145 728
118 98
29 411
28 348
55 765
155 472
156 775
123 625
151 271
71 771
12 264
138 367
28 712
65 45
55 775
58 51
36 33
35 91
161 529
95 223
60 355
116 646
109 651
106 148
81 475
24 232
149 150
108 267
96 453
101 351
117 749
64 762
90 796
24 117
121 762
83 357
135 305
132 247
158 32
134 741
172 817
90 673
160 726
22 158
119 798
92 89
96 176
173 412
133 199
18 597
81 651
79 195
49 306
76 462
39 489
6 542
177 659
180 223
73 152
79 773
16 82
12 610
11 55
72 572
147 420
134 572
117 579
46 611
74 569
158 541
152 208
43 638
101 198
119 546
59 761
12 381
111 827
151 709
171 289
80 715
72 183
139 385
105 436
46 217
52 86
74 237
69 345
37 255
43 570
51 286
140 452
32 250
27 329
111 139
72 637
157 30
73 86
39 389
123 247
35 466
101 711
33 503
85 579
143 743
94 599
176 760
26 303
160 98
101 72
32 536
46 336
45 78
36 692
80 240
12 104
81 305
177 39
30 120
124 629
10 367
25 763
109 671
28 257
73 560
7 808
29 263
15 361
92 237
132 429
155 13
28 16
9 710
116 671
44 61
19 702
24 105
63 277
72 144
107 61
68 259
89 459
101 456
26 154
50 330
22 302
133 65
160 677
24 67
27 200
157 695
80 278
95 30
62 98
136 573
82 338
155 319
93 670
39 13
104 233
11 812
77 516
53 28
162 196
58 663
178 406
180 584
74 507
25 817
97 715
169 738
179 248
176 569
58 670
41 442
109 132
43 30
149 387
25 709
51 714
57 262
107 18
177 185
176 433
64 758
51 652
135 514
162 754
108 243
105 60
111 644
44 455
82 431
153 642
52 147
122 65
20 455
63 53
145 7
178 224
69 367
116 307
112 518
159 160
124 66
165 361
145 102
170 348
57 175
71 0
175 791
65 718
56 48
174 166
159 298
167 500
167 497
97 41
161 76
105 96
56 677
179 230
35 112
69 543
124 530
166 354
53 645
15 781
13 178
13 522
0 647
108 22
76 793
27 618
86 169
32 354
81 566
95 673
160 639
142 168
142 302
150 351
123 3
126 714
57 815
167 751
88 614
101 625
1 76
123 532
181 237
68 42
35 310
118 802
110 248
35 89
119 641
73 825
148 579
172 669
161 92
153 435
25 401
142 337
2 254
33 209
56 588
138 283
0 169
73 693
37 11
120 171
169 74
92 253
108 452
87 507
37 22
135 779
164 6
67 293
178 407
125 168
147 106
63 105
49 47
104 319
150 231
86 216
109 334
48 27
123 243
23 345
115 460
11 204
128 594
26 73
38 386
130 563
127 644
41 664
136 229
53 273
85 53
3 292
57 258
176 481
45 304
72 36
76 150
140 343
72 653
30 10
168 441
135 504
86 574
132 227
102 583
153 707
13 392
126 6
151 335
122 389
47 270
30 157
78 86
155 518
65 25
30 115
121 652
39 539
62 623
81 517
126 355
155 227
97 15
14 735
77 545
75 443
133 319
116 354
25 423
40 229
51 93
57 693
172 561
122 207
66 101
24 350
174 716
3 7
95 451
157 95
46 343
99 232
111 128
25 232
33 65
143 462
96 349
18 39
173 773
94 120
162 827
43 438
150 83
136 202
83 659
172 369
75 246
12 385
58 654
81 295
169 95
151 508
59 709
181 47
149 690
84 314
70 814
171 660
87 736
0 231
168 379
179 453
101 823
100 89
31 483
115 362
25 795
98 597
44 116
15 165
4 430
80 41
149 401
22 451
102 739
42 629
177 423
168 34
169 354
27 449
21 655
146 275
96 117
92 675
58 555
77 146
6 316
117 280
147 407
28 573
169 816
126 317
130 676
6 229
118 210
129 472
129 89
73 55
179 576
163 121
9 163
101 530
66 538
64 447
111 229
37 662
61 783
104 340
11 416
17 285
99 377
161 497
4 592
102 357
135 346
177 384
152 530
103 410
94 816
156 227
71 52
154 224
73 209
0 718
45 644
169 123
93 469
63 29
112 495
67 817
107 756
152 244
65 254
101 807
154 513
138 301
34 742
50 791
63 517
115 560
45 19
6 595
74 585
32 2
113 605
141 36
111 405
7 677
8 354
149 152
51 417
17 805
124 40
146 143
4 818
76 350
5 660
153 463
142 264
149 808
23 53
8 388
55 662
166 529
123 169
149 783
180 612
67 805
108 145
152 709
61 278
115 637
160 821
28 410
42 412
9 356
67 572
101 260
50 415
58 582
146 615
3 659
51 451
79 746
142 416
37 264
145 44
121 300
150 100
3 677
154 221
121 185
172 86
116 356
4 458
103 742
6 154
113 554
93 37
127 86
125 642
107 788
135 747
65 710
137 206
60 427
56 758
160 755
142 210
175 41
157 413
157 196
73 699
88 4
180 363
134 191
64 37
104 810
112 58
108 337
6 690
61 719
167 250
10 467
38 219
162 310
113 668
120 92
130 518
36 628
159 441
64 214
131 805
13 609
178 261
40 645
159 500
130 336
16 67
159 742
133 475
41 242
21 335
157 252
157 441
164 567
45 732
81 121
51 826
137 297
75 754
22 225
45 692
160 183
164 804
81 718
78 212
111 188
44 41
171 626
47 647
10 603
137 520
59 575
70 127
32 241
178 156
162 502
64 194
103 624
170 58
131 390
3 591
113 96
71 452
146 118
19 241
1 506
133 67
115 11
121 117
166 779
51 590
108 32
23 337
161 299
15 744
73 558
123 88
71 541
147 637
61 544
75 42
77 525
134 76
128 104
3 435
131 32
103 41
92 593
178 98
0 230
155 505
50 190
104 276
68 395
33 136
125 14
157 465
54 49
120 178
32 99
91 156
26 703
96 147
112 830
109 702
28 700
32 321
6 689
161 655
42 218
6 535
163 405
126 762
34 710
156 183
165 444
67 144
33 465
92 521
127 504
2 563
159 501
29 131
53 411
79 486
180 558
86 625
113 216
51 809
73 521
175 356
177 528
15 45
168 139
94 301
49 92
15 733
5 326
58 420
59 178
60 654
24 343
114 490
151 594
10 396
115 640
18 822
61 570
137 644
5 496
26 451
22 750
157 642
28 762
166 171
163 802
82 795
102 170
137 458
153 242
38 558
14 43
60 262
68 794
80 466
43 739
22 715
136 801
106 508
35 235
32 227
20 445
13 644
131 548
13 772
21 745
24 606
178 470
154 195
136 679
135 653
98 456
71 815
12 819
5 628
116 636
116 811
81 222
120 612
71 328
65 361
44 622
145 436
150 140
112 505
81 441
139 384
138 791
128 249
112 479
106 364
