1 800
200
0 519
0 332
0 100
0 778
0 613
0 266
0 780
0 666
0 543
0 105
0 3
0 152
0 445
0 111
0 382
0 492
0 582
0 99
0 481
0 471
0 58
0 316
0 781
0 375
0 178
0 718
0 325
0 51
0 631
0 431
0 734
0 388
0 724
0 610
0 763
0 451
0 569
0 642
0 188
0 792
0 55
0 78
0 287
0 740
0 359
0 206
0 141
0 160
0 196
0 486
0 476
0 150
0 167
0 786
0 15
0 473
0 704
0 421
0 605
0 96
0 383
0 93
0 594
0 368
0 440
0 766
0 103
0 558
0 11
0 511
0 320
0 641
0 324
0 434
0 658
0 110
0 21
0 296
0 516
0 355
0 418
0 689
0 9
0 624
0 120
0 174
0 12
0 674
0 475
0 493
0 736
0 304
0 142
0 742
0 367
0 166
0 512
0 702
0 743
0 442
0 773
0 23
0 397
0 554
0 259
0 347
0 307
0 437
0 189
0 737
0 236
0 433
0 24
0 779
0 7
0 323
0 462
0 149
0 485
0 203
0 64
0 1
0 20
0 177
0 507
0 163
0 371
0 158
0 5
0 456
0 501
0 557
0 685
0 276
0 363
0 798
0 407
0 574
0 262
0 273
0 130
0 244
0 370
0 491
0 71
0 251
0 157
0 731
0 218
0 112
0 552
0 117
0 459
0 336
0 627
0 145
0 179
0 672
0 285
0 526
0 140
0 580
0 667
0 589
0 579
0 607
0 441
0 255
0 529
0 290
0 490
0 357
0 679
0 480
0 164
0 592
0 795
0 53
0 551
0 426
0 503
0 84
0 310
0 37
0 264
0 524
0 298
0 539
0 215
0 739
0 183
0 168
0 269
0 194
0 80
0 265
0 248
0 577
0 222
0 122
