351 1
289
77 0
309 0
335 0
259 0
220 0
146 0
204 0
23 0
104 0
27 0
150 0
243 0
219 0
268 0
0 0
346 0
97 0
132 0
1 0
116 0
273 0
21 0
29 0
79 0
118 0
33 0
245 0
49 0
154 0
225 0
30 0
15 0
340 0
210 0
257 0
189 0
230 0
161 0
196 0
54 0
7 0
123 0
117 0
140 0
113 0
283 0
122 0
301 0
296 0
271 0
344 0
238 0
328 0
58 0
57 0
6 0
17 0
194 0
318 0
109 0
297 0
157 0
323 0
342 0
347 0
325 0
126 0
327 0
343 0
310 0
279 0
330 0
284 0
169 0
151 0
133 0
278 0
70 0
114 0
180 0
349 0
282 0
181 0
304 0
32 0
34 0
5 0
163 0
73 0
94 0
83 0
338 0
300 0
311 0
92 0
18 0
316 0
188 0
260 0
332 0
74 0
334 0
100 0
136 0
250 0
115 0
46 0
108 0
20 0
125 0
143 0
38 0
24 0
262 0
88 0
240 0
223 0
64 0
200 0
205 0
142 0
350 0
272 0
264 0
242 0
147 0
95 0
25 0
36 0
26 0
233 0
214 0
312 0
348 0
280 0
130 0
183 0
8 0
287 0
128 0
40 0
68 0
111 0
137 0
290 0
47 0
249 0
244 0
93 0
159 0
102 0
227 0
149 0
69 0
319 0
81 0
276 0
41 0
294 0
281 0
152 0
326 0
314 0
308 0
213 0
206 0
166 0
127 0
177 0
313 0
135 0
119 0
78 0
22 0
175 0
178 0
184 0
270 0
4 0
232 0
224 0
172 0
255 0
85 0
208 0
321 0
11 0
164 0
96 0
234 0
286 0
320 0
254 0
202 0
72 0
61 0
212 0
120 0
63 0
59 0
191 0
35 0
50 0
187 0
84 0
16 0
341 0
199 0
19 0
192 0
134 0
253 0
269 0
51 0
267 0
215 0
112 0
315 0
306 0
155 0
139 0
65 0
190 0
298 0
295 0
331 0
292 0
182 0
235 0
105 0
329 0
291 0
45 0
148 0
239 0
217 0
274 0
195 0
75 0
110 0
48 0
131 0
87 0
171 0
339 0
80 0
13 0
62 0
226 0
167 0
56 0
289 0
144 0
211 0
246 0
89 0
221 0
305 0
91 0
322 0
236 0
153 0
209 0
103 0
185 0
86 0
266 0
42 0
14 0
2 0
258 0
71 0
39 0
324 0
76 0
141 0
165 0
299 0
218 0
345 0
52 0
201 0
107 0
174 0
43 0
138 0
101 0
168 0
241 0
