1000 1
877
395 0
383 0
711 0
579 0
257 0
321 0
573 0
250 0
29 0
581 0
870 0
428 0
949 0
632 0
108 0
943 0
790 0
821 0
288 0
39 0
479 0
793 0
914 0
107 0
940 0
431 0
341 0
874 0
797 0
846 0
68 0
269 0
315 0
272 0
149 0
928 0
861 0
335 0
670 0
441 0
621 0
304 0
236 0
264 0
863 0
371 0
660 0
474 0
558 0
399 0
1 0
447 0
742 0
603 0
147 0
988 0
511 0
533 0
715 0
38 0
765 0
737 0
620 0
638 0
298 0
561 0
503 0
467 0
544 0
967 0
313 0
890 0
548 0
615 0
550 0
975 0
762 0
52 0
888 0
646 0
734 0
775 0
348 0
925 0
389 0
59 0
78 0
801 0
759 0
458 0
703 0
506 0
46 0
244 0
816 0
470 0
484 0
274 0
693 0
374 0
530 0
668 0
905 0
358 0
688 0
292 0
367 0
617 0
820 0
297 0
259 0
636 0
45 0
916 0
767 0
372 0
271 0
868 0
268 0
614 0
937 0
27 0
48 0
515 0
771 0
739 0
947 0
258 0
628 0
69 0
434 0
392 0
591 0
534 0
382 0
918 0
587 0
959 0
64 0
899 0
664 0
585 0
235 0
166 0
296 0
191 0
388 0
597 0
521 0
223 0
964 0
804 0
208 0
733 0
471 0
635 0
593 0
346 0
459 0
835 0
696 0
143 0
499 0
8 0
22 0
221 0
406 0
885 0
562 0
763 0
866 0
51 0
77 0
896 0
860 0
9 0
987 0
5 0
754 0
698 0
545 0
699 0
6 0
337 0
128 0
782 0
887 0
889 0
14 0
164 0
370 0
490 0
710 0
827 0
414 0
781 0
705 0
397 0
124 0
398 0
833 0
623 0
110 0
917 0
118 0
158 0
260 0
76 0
448 0
920 0
115 0
903 0
443 0
379 0
785 0
138 0
265 0
445 0
931 0
293 0
320 0
787 0
904 0
136 0
716 0
978 0
89 0
536 0
75 0
907 0
162 0
270 0
535 0
999 0
732 0
633 0
243 0
282 0
91 0
3 0
161 0
655 0
612 0
939 0
886 0
876 0
130 0
17 0
720 0
146 0
672 0
747 0
137 0
472 0
50 0
960 0
214 0
813 0
611 0
449 0
618 0
877 0
772 0
837 0
662 0
206 0
63 0
547 0
88 0
151 0
417 0
725 0
0 0
316 0
653 0
79 0
184 0
965 0
642 0
512 0
345 0
213 0
945 0
134 0
723 0
99 0
656 0
824 0
526 0
92 0
37 0
102 0
851 0
946 0
549 0
34 0
301 0
377 0
891 0
974 0
552 0
232 0
926 0
275 0
659 0
309 0
122 0
36 0
290 0
812 0
574 0
390 0
62 0
540 0
553 0
802 0
192 0
568 0
55 0
455 0
207 0
385 0
840 0
299 0
483 0
507 0
35 0
218 0
748 0
712 0
848 0
994 0
604 0
950 0
525 0
200 0
350 0
153 0
234 0
230 0
616 0
808 0
831 0
954 0
777 0
933 0
582 0
882 0
595 0
386 0
294 0
334 0
461 0
807 0
744 0
26 0
680 0
401 0
13 0
613 0
378 0
111 0
531 0
502 0
995 0
980 0
312 0
183 0
404 0
745 0
195 0
177 0
277 0
233 0
168 0
592 0
342 0
809 0
44 0
362 0
912 0
776 0
120 0
934 0
60 0
640 0
87 0
539 0
555 0
769 0
368 0
273 0
823 0
938 0
768 0
306 0
203 0
631 0
427 0
71 0
66 0
990 0
488 0
480 0
649 0
105 0
713 0
721 0
724 0
198 0
140 0
826 0
850 0
193 0
541 0
194 0
697 0
2 0
408 0
852 0
657 0
103 0
901 0
957 0
276 0
323 0
21 0
936 0
756 0
31 0
665 0
308 0
991 0
376 0
83 0
217 0
457 0
418 0
741 0
139 0
336 0
543 0
423 0
212 0
205 0
57 0
963 0
969 0
598 0
429 0
727 0
843 0
7 0
318 0
41 0
409 0
952 0
752 0
436 0
283 0
875 0
839 0
174 0
942 0
577 0
450 0
30 0
970 0
197 0
96 0
596 0
753 0
951 0
155 0
984 0
735 0
400 0
267 0
15 0
671 0
11 0
537 0
815 0
343 0
601 0
74 0
300 0
478 0
948 0
247 0
862 0
580 0
241 0
18 0
254 0
779 0
42 0
126 0
227 0
340 0
677 0
842 0
814 0
405 0
760 0
109 0
28 0
154 0
328 0
185 0
709 0
522 0
922 0
929 0
286 0
600 0
426 0
717 0
902 0
196 0
892 0
199 0
356 0
435 0
231 0
412 0
473 0
229 0
402 0
152 0
211 0
176 0
855 0
360 0
165 0
380 0
953 0
740 0
865 0
794 0
407 0
307 0
489 0
589 0
375 0
941 0
571 0
847 0
986 0
758 0
119 0
481 0
410 0
32 0
985 0
305 0
557 0
492 0
73 0
683 0
359 0
966 0
23 0
898 0
494 0
425 0
538 0
10 0
661 0
983 0
879 0
610 0
43 0
373 0
190 0
708 0
487 0
845 0
691 0
584 0
491 0
444 0
396 0
518 0
132 0
915 0
686 0
514 0
606 0
366 0
645 0
873 0
16 0
351 0
774 0
911 0
644 0
893 0
651 0
714 0
599 0
796 0
746 0
864 0
919 0
588 0
266 0
322 0
262 0
726 0
95 0
529 0
707 0
56 0
605 0
704 0
792 0
19 0
648 0
884 0
780 0
256 0
563 0
228 0
730 0
761 0
82 0
451 0
189 0
324 0
817 0
676 0
430 0
694 0
702 0
829 0
209 0
464 0
453 0
123 0
622 0
913 0
25 0
413 0
517 0
878 0
391 0
353 0
476 0
583 0
669 0
141 0
719 0
567 0
832 0
365 0
249 0
650 0
900 0
718 0
422 0
116 0
485 0
500 0
225 0
94 0
786 0
252 0
498 0
224 0
237 0
486 0
248 0
930 0
570 0
685 0
117 0
242 0
216 0
144 0
495 0
883 0
325 0
420 0
675 0
578 0
608 0
349 0
527 0
729 0
872 0
85 0
20 0
466 0
493 0
163 0
806 0
791 0
465 0
828 0
992 0
602 0
86 0
673 0
757 0
394 0
751 0
411 0
509 0
150 0
454 0
255 0
114 0
432 0
331 0
687 0
61 0
188 0
219 0
49 0
532 0
576 0
482 0
310 0
738 0
972 0
159 0
187 0
976 0
654 0
695 0
387 0
148 0
678 0
40 0
841 0
303 0
201 0
253 0
770 0
560 0
363 0
773 0
54 0
347 0
291 0
958 0
12 0
897 0
844 0
67 0
416 0
135 0
501 0
463 0
238 0
497 0
53 0
830 0
736 0
572 0
731 0
222 0
996 0
798 0
639 0
658 0
962 0
80 0
460 0
700 0
90 0
24 0
504 0
805 0
121 0
764 0
462 0
546 0
181 0
355 0
419 0
692 0
869 0
838 0
156 0
47 0
625 0
496 0
590 0
284 0
624 0
652 0
424 0
701 0
433 0
923 0
251 0
551 0
554 0
528 0
856 0
641 0
944 0
935 0
955 0
559 0
609 0
681 0
179 0
516 0
682 0
437 0
728 0
452 0
311 0
836 0
65 0
186 0
226 0
475 0
921 0
706 0
245 0
180 0
637 0
97 0
783 0
204 0
766 0
971 0
173 0
803 0
281 0
279 0
564 0
106 0
215 0
393 0
800 0
799 0
295 0
171 0
327 0
666 0
924 0
287 0
175 0
72 0
853 0
415 0
607 0
442 0
834 0
932 0
339 0
170 0
317 0
556 0
319 0
369 0
674 0
172 0
93 0
329 0
505 0
178 0
750 0
127 0
894 0
131 0
755 0
542 0
278 0
630 0
819 0
749 0
