15 15
135
5 6
0 11
2 0
1 4
2 6
6 3
12 9
14 11
6 8
8 3
9 5
7 5
1 2
8 14
11 11
9 12
2 1
14 13
6 7
6 4
13 14
4 9
10 10
12 10
9 0
10 1
1 11
11 9
7 11
8 10
9 1
11 5
13 0
4 8
5 13
3 8
13 10
10 13
9 14
12 5
5 1
12 4
0 9
14 3
7 1
11 2
1 13
1 7
10 0
11 14
6 6
2 3
8 8
11 3
9 10
13 12
5 8
5 5
8 13
10 3
10 2
11 6
3 7
2 9
12 2
13 1
4 1
12 14
6 2
4 12
7 4
12 0
3 9
10 8
12 11
1 10
13 13
9 13
4 2
13 11
0 6
12 12
13 4
9 3
5 9
10 5
11 12
3 0
0 1
4 7
13 2
3 4
3 12
6 5
8 5
7 10
2 11
7 9
12 13
8 2
1 1
14 6
4 14
11 0
7 3
2 14
2 10
12 6
6 1
6 14
11 4
10 4
0 7
7 13
10 9
13 6
9 4
8 1
2 4
2 12
9 9
0 2
5 12
5 11
4 10
0 0
4 11
0 12
13 8
14 1
11 1
8 11
14 0
1 12
12 8
