750 3
1451
615 2
38 0
550 1
415 2
196 2
503 1
96 2
651 1
275 1
348 1
581 0
97 0
499 2
248 0
656 0
149 0
18 0
126 2
437 0
202 0
729 0
223 0
203 0
519 2
366 0
686 1
137 1
105 0
357 0
322 2
251 1
464 2
136 1
672 0
721 0
549 1
249 1
390 1
118 1
494 1
187 1
658 0
56 0
551 0
180 1
240 2
561 0
513 1
134 2
607 0
621 0
130 2
94 1
189 1
466 1
460 1
186 0
237 1
294 2
3 0
527 2
749 0
245 2
224 1
53 0
340 1
500 0
282 2
107 1
17 0
424 0
414 1
266 0
256 2
224 0
597 1
192 2
252 1
326 1
112 0
419 0
199 1
368 2
741 0
143 0
412 1
176 1
728 2
218 1
437 1
189 2
616 1
168 0
726 1
706 1
342 2
496 2
243 1
106 0
6 0
276 0
121 0
295 1
648 0
355 2
337 2
134 1
68 2
146 2
148 0
690 2
618 2
573 2
475 2
333 2
364 1
356 0
583 1
664 0
193 2
5 2
232 0
35 0
336 0
12 2
62 2
666 2
408 1
264 1
482 2
173 0
594 2
183 2
329 1
83 2
442 0
230 0
334 1
352 0
474 2
456 1
115 1
69 1
606 1
99 1
96 1
125 1
128 0
581 1
398 2
683 2
737 0
695 0
432 2
688 2
423 0
620 2
459 0
659 0
154 0
311 2
453 1
27 1
37 1
588 1
557 2
292 1
687 0
411 0
8 2
220 2
684 2
217 1
371 1
748 1
63 2
339 1
597 0
207 1
394 0
288 1
562 1
698 1
172 0
703 2
435 0
509 0
582 1
402 0
148 2
185 2
325 2
214 1
578 2
178 2
370 1
680 2
520 2
469 1
229 1
198 2
6 2
355 1
71 2
615 1
345 1
482 1
149 2
16 1
38 2
244 2
266 1
297 2
312 1
88 1
731 0
304 0
698 0
332 0
369 0
722 1
82 1
746 0
630 0
365 1
50 1
313 2
693 2
634 2
261 2
49 0
245 0
138 0
144 0
121 2
16 0
220 1
450 2
52 1
584 0
475 1
647 0
448 1
626 0
433 1
529 1
376 1
633 0
293 2
204 2
328 0
596 1
434 2
658 1
689 0
733 2
441 1
615 0
705 1
169 1
644 1
499 1
671 1
353 2
41 0
461 2
613 2
446 2
574 1
84 2
258 0
617 2
508 2
712 2
118 0
663 0
395 1
716 2
610 2
579 0
647 1
479 1
433 0
419 1
429 0
545 0
238 0
80 0
212 2
166 0
74 2
26 0
39 1
542 1
151 1
586 0
490 0
621 2
502 2
331 2
197 2
71 0
582 2
233 0
549 2
289 1
13 2
511 0
414 2
458 1
741 2
629 0
236 0
114 1
404 1
452 2
645 0
556 0
690 0
688 0
224 2
534 2
270 2
504 0
320 2
562 0
354 1
235 1
177 0
627 0
179 0
410 2
407 1
92 2
268 0
320 1
565 1
418 2
521 1
537 1
573 1
374 1
559 1
677 1
614 1
667 1
174 2
436 2
598 0
88 2
48 0
308 2
742 1
147 2
28 2
396 0
376 0
749 1
258 2
290 0
572 1
377 0
434 0
727 1
598 2
544 2
165 0
393 2
466 0
117 1
467 0
208 2
462 1
250 1
194 1
516 1
480 0
494 2
512 1
281 1
395 0
710 2
217 0
161 2
285 0
0 1
422 0
748 2
343 1
684 0
43 0
291 1
161 0
266 2
664 2
8 0
577 2
271 0
158 1
430 0
686 0
36 1
38 1
308 1
587 2
432 0
430 1
639 0
472 0
713 1
127 1
671 2
357 2
582 0
19 2
54 1
288 2
638 2
85 2
73 0
271 1
504 1
296 0
128 2
448 2
678 2
652 2
114 2
379 0
534 1
458 0
627 2
617 0
645 1
307 2
303 2
239 1
564 0
592 1
61 2
110 0
459 1
592 0
590 1
47 0
274 2
279 1
667 0
472 2
462 0
265 0
195 2
734 2
670 2
416 1
11 1
260 1
89 1
699 2
404 0
317 0
604 2
236 1
284 2
640 1
543 2
568 1
563 1
157 0
642 2
78 0
459 2
277 2
631 0
526 2
739 1
587 0
213 1
157 2
187 2
106 2
280 0
19 1
727 2
665 1
525 1
692 0
443 1
325 1
33 2
166 2
470 2
561 1
235 2
147 0
375 1
605 0
662 1
569 2
646 0
623 1
355 0
491 0
571 0
642 0
159 0
345 0
742 0
486 0
85 1
654 1
120 0
197 0
427 0
5 1
91 2
137 0
660 1
174 0
507 2
336 2
172 1
346 2
196 0
672 1
342 0
530 2
591 1
608 0
503 0
83 1
709 0
685 2
101 2
484 0
576 2
388 2
69 0
123 2
454 0
700 1
670 0
331 1
492 0
661 0
260 2
171 1
132 2
316 2
59 2
146 1
132 1
32 2
608 2
200 1
175 0
166 1
313 0
702 0
611 1
167 2
190 2
539 2
183 1
270 1
142 2
113 1
738 1
516 2
712 1
139 0
269 2
533 0
131 0
501 0
659 2
180 2
29 1
63 0
329 2
219 0
638 0
195 0
504 2
61 0
196 1
510 0
261 1
406 1
53 1
298 1
507 0
447 0
5 0
361 1
714 0
243 0
489 2
346 0
631 2
238 2
590 0
97 2
66 1
6 1
295 0
109 1
457 2
301 0
408 2
187 0
304 1
483 2
329 0
556 2
323 0
357 1
449 2
81 1
58 2
100 2
606 0
391 2
623 2
116 2
102 1
681 0
483 1
135 0
48 2
676 1
611 0
48 1
718 0
668 1
333 0
343 2
412 2
460 0
208 0
700 0
373 2
163 0
287 1
697 2
127 2
174 1
692 1
68 1
497 0
421 1
492 2
566 1
102 2
167 0
411 1
622 2
580 0
245 1
316 0
567 2
260 0
664 1
280 1
50 2
481 1
719 2
693 0
690 1
145 0
469 2
669 2
493 2
220 0
728 1
453 2
240 0
463 1
283 0
129 0
465 2
334 2
513 2
442 2
552 2
527 1
643 1
632 2
413 1
716 1
466 2
326 0
683 0
58 0
468 0
387 0
222 0
650 1
50 0
643 2
146 0
625 1
60 2
520 1
148 1
93 1
282 1
726 0
383 0
671 0
69 2
152 2
560 0
564 1
242 0
250 2
602 2
399 2
473 2
695 1
455 1
719 1
401 2
418 0
480 1
345 2
400 0
433 2
732 0
747 0
183 0
600 1
23 1
652 1
74 1
163 1
548 0
428 0
252 2
567 0
181 2
426 2
544 1
542 2
254 2
488 1
56 1
77 2
47 1
70 1
2 2
153 2
698 2
675 2
413 2
159 1
170 1
155 0
420 1
33 0
637 2
208 1
558 2
653 0
160 0
256 0
184 0
341 0
733 1
586 1
715 0
207 2
389 1
400 2
536 0
287 0
344 0
632 0
202 2
73 1
522 0
17 1
717 0
399 0
745 2
528 0
171 0
718 1
572 2
586 2
725 2
93 2
164 0
697 0
151 2
457 0
286 1
386 2
109 0
234 2
297 0
352 2
675 1
10 2
201 1
607 1
339 0
518 1
390 0
205 0
595 1
564 2
362 2
51 0
103 0
322 1
88 0
141 1
489 1
516 0
743 0
286 0
270 0
689 1
569 0
349 1
23 0
677 2
708 2
61 1
445 0
588 0
502 1
694 1
93 0
636 0
537 2
25 0
188 2
309 1
254 0
646 1
453 0
262 1
554 0
135 2
319 1
145 1
509 1
505 1
577 0
153 1
488 2
464 1
543 0
490 1
416 0
424 2
497 2
176 0
328 2
535 0
301 2
619 2
693 1
364 2
55 2
429 2
228 0
614 2
565 2
4 1
668 2
150 2
214 0
407 0
729 1
620 1
740 2
622 0
74 0
388 0
365 2
741 1
34 0
138 1
172 2
215 0
468 2
147 1
203 1
716 0
641 2
558 1
618 1
645 2
730 0
515 2
45 2
699 1
273 1
308 0
341 1
225 0
186 2
112 2
378 0
382 2
81 0
231 2
256 1
655 2
201 0
276 1
107 0
439 1
710 0
684 1
680 1
431 2
683 1
714 1
373 0
553 1
305 1
526 1
379 1
640 2
737 1
2 0
577 1
126 0
344 2
691 0
735 0
734 1
520 0
673 1
338 2
108 1
227 1
190 0
692 2
267 0
720 1
581 2
225 1
98 2
307 0
235 0
522 2
43 2
702 2
547 2
375 0
123 1
84 0
492 1
385 1
501 1
491 2
353 0
736 0
142 0
339 2
696 2
718 2
593 1
677 0
382 1
649 0
707 0
566 2
30 1
278 1
517 0
303 0
241 2
107 2
625 0
226 1
162 0
335 2
370 0
65 0
732 1
108 0
585 1
76 1
519 1
133 1
486 1
608 1
231 0
448 0
351 1
685 0
116 0
324 0
496 0
472 1
32 0
590 2
361 2
318 0
467 1
723 0
352 1
156 1
324 1
312 0
66 0
286 2
221 0
730 1
26 2
297 1
117 2
330 0
673 0
585 2
401 1
740 0
395 2
109 2
624 0
37 0
451 1
440 0
233 2
746 1
229 0
318 2
423 2
641 1
454 2
607 2
263 1
417 0
525 2
21 2
454 1
604 0
682 0
659 1
456 2
546 1
539 0
96 0
4 2
729 2
100 1
122 1
311 0
188 1
0 0
394 2
612 0
687 1
327 1
7 2
13 1
265 1
175 2
424 1
253 2
493 1
120 1
394 1
737 2
9 2
216 2
218 2
726 2
446 1
321 0
271 2
710 1
371 2
79 1
450 0
27 2
173 2
539 1
177 2
442 1
554 1
445 2
72 2
233 1
100 0
437 2
294 0
495 0
730 2
637 0
337 1
119 2
477 1
405 2
483 0
596 2
117 0
279 0
366 1
209 2
274 0
85 0
204 1
66 2
428 1
360 0
557 1
661 1
115 2
162 2
449 1
281 2
679 0
219 2
227 2
571 2
300 0
396 1
507 1
380 1
78 2
709 1
101 0
481 2
425 1
576 1
214 2
53 2
181 0
715 2
426 0
440 2
636 1
192 1
735 2
382 0
441 2
401 0
458 2
116 1
530 0
461 0
614 0
511 1
354 0
203 2
139 1
15 0
511 2
31 0
377 1
536 1
720 0
380 0
27 0
558 0
527 0
291 0
644 2
160 1
743 2
290 1
696 1
140 0
403 2
570 2
591 2
351 0
299 1
694 0
611 2
452 1
350 0
736 1
347 1
230 2
104 2
413 0
216 0
735 1
211 2
477 0
226 2
316 1
171 2
273 2
20 0
552 1
284 1
328 1
545 2
42 0
246 1
552 0
574 0
169 0
313 1
360 1
538 0
335 0
154 1
342 1
90 0
11 0
701 1
111 0
428 2
99 2
499 0
489 0
80 2
570 1
285 2
711 0
22 2
34 2
435 1
609 1
111 2
360 2
603 0
59 1
44 1
479 0
0 2
247 1
686 2
575 2
388 1
249 0
439 2
746 2
576 0
314 1
650 2
306 1
744 2
405 1
41 1
438 0
189 0
45 1
703 1
633 1
106 1
495 2
566 0
122 0
580 1
374 0
239 2
374 2
239 0
262 2
304 2
415 0
25 2
596 0
349 0
21 0
253 1
82 2
72 0
42 1
222 2
624 1
71 1
221 2
469 0
323 1
541 0
506 2
432 1
129 1
678 1
119 0
498 1
378 1
298 2
626 2
597 2
410 0
573 0
149 1
624 2
443 0
98 1
67 0
575 1
747 2
104 1
562 2
75 2
370 2
334 0
247 2
55 0
651 0
359 0
513 0
264 2
367 0
344 1
67 1
354 2
515 1
210 0
540 2
555 1
190 1
108 2
603 1
385 2
57 0
426 1
612 2
363 1
377 2
296 1
587 1
12 0
185 1
704 2
310 1
30 2
86 0
145 2
306 2
238 1
574 2
162 1
10 0
438 2
8 1
310 2
674 0
660 0
263 0
15 1
97 1
91 0
523 2
638 1
62 1
124 2
517 1
708 1
704 0
40 0
660 2
321 2
121 1
160 2
251 0
739 0
140 1
82 0
216 1
565 0
39 2
599 0
708 0
29 2
182 0
265 2
487 0
206 0
601 1
138 2
111 1
255 1
487 1
744 1
540 0
56 2
498 0
594 0
622 1
514 0
747 1
657 0
600 0
81 2
613 0
72 1
500 2
665 0
417 2
493 0
701 0
194 0
679 1
518 2
501 2
385 0
650 0
498 2
125 0
63 1
555 0
137 2
449 0
570 0
103 1
531 2
60 1
634 0
740 1
440 1
18 1
36 0
439 0
70 2
546 0
249 2
397 1
470 1
268 2
156 2
79 2
502 0
173 1
589 0
46 2
188 0
465 0
299 0
178 1
33 1
120 2
641 0
293 1
418 1
44 2
412 0
362 0
16 2
512 0
484 1
368 0
178 0
200 2
57 2
182 2
169 2
