1000 4
853
850 0
274 0
79 3
697 1
498 2
615 3
14 1
40 0
241 3
465 0
340 3
501 1
39 1
99 3
476 2
618 0
209 3
269 0
928 0
935 0
152 3
143 3
237 2
181 3
360 1
821 1
88 0
513 0
537 3
849 1
533 3
173 3
795 3
262 2
415 2
59 1
67 2
811 3
5 3
141 1
158 3
714 1
948 2
872 2
637 3
471 0
975 3
919 0
136 3
752 3
136 0
280 0
881 2
813 3
185 3
727 1
543 2
648 2
629 1
650 3
409 1
919 3
52 2
886 3
74 0
725 3
80 3
462 1
709 1
668 2
189 3
563 1
861 0
682 1
738 1
267 2
155 0
996 0
143 0
707 3
670 2
15 2
581 3
690 3
404 3
815 3
172 1
501 2
710 3
8 1
367 0
102 3
766 1
552 2
791 3
437 2
969 2
777 1
7 3
166 2
334 1
526 0
173 2
112 0
918 0
638 1
765 1
449 2
924 0
699 1
741 2
285 3
890 3
152 2
598 2
899 1
95 1
228 1
387 0
635 3
992 2
230 0
178 2
788 1
369 2
907 1
147 1
175 2
669 2
978 2
233 1
926 0
343 0
256 3
296 0
277 3
942 1
252 2
58 3
713 3
273 3
529 3
14 2
54 2
113 2
377 1
338 0
849 2
88 1
314 3
593 2
492 1
184 3
639 3
488 2
347 2
621 2
642 1
258 1
377 2
450 2
637 0
360 2
543 3
151 1
942 0
962 0
366 3
54 3
109 1
23 0
548 0
73 1
248 0
188 0
197 1
497 0
781 2
725 0
372 1
933 2
179 1
741 0
403 3
439 2
701 1
470 1
20 2
546 1
866 0
750 2
540 2
755 2
1 2
572 1
543 0
556 0
57 3
171 2
722 3
746 3
486 3
668 3
374 0
19 3
91 1
620 2
143 1
317 0
424 2
664 2
337 3
578 3
24 1
994 0
95 2
594 3
189 2
758 2
507 0
479 2
632 1
966 2
25 1
464 0
527 0
199 1
834 0
72 1
705 2
391 0
946 0
193 1
817 2
208 1
46 3
541 0
164 0
849 3
798 1
856 0
602 2
324 3
33 0
239 1
28 1
4 2
194 1
499 1
153 1
174 2
258 2
912 3
1 1
229 1
530 1
68 1
72 2
495 3
874 3
209 1
66 0
377 0
784 2
575 0
237 3
4 3
121 0
521 2
394 0
738 0
273 2
387 1
451 1
649 1
527 1
78 0
472 3
221 3
161 0
427 0
270 2
940 3
216 2
371 0
595 2
900 1
557 2
779 1
547 3
407 0
419 3
218 3
774 2
990 1
945 3
26 0
392 2
557 3
789 1
798 2
460 1
662 0
487 3
118 1
203 1
481 2
662 1
368 0
270 0
568 3
613 2
287 0
266 1
661 1
315 3
256 1
893 3
493 3
258 0
182 0
691 2
949 1
130 0
174 1
425 3
211 0
346 2
615 0
811 1
377 3
170 1
168 3
87 1
517 3
303 0
349 1
883 0
836 2
703 2
227 0
219 1
310 0
440 3
905 2
372 0
818 2
242 1
524 0
282 0
905 1
882 1
462 0
972 0
716 3
54 1
663 2
557 1
691 1
177 1
237 0
142 2
977 2
755 1
68 3
46 2
666 1
111 3
36 2
532 1
154 0
893 1
821 3
171 1
45 3
288 2
545 2
627 1
24 0
995 0
38 0
316 1
341 2
119 3
820 3
488 1
607 3
821 2
507 2
221 2
6 3
817 0
706 3
120 0
198 1
776 3
75 1
600 0
516 1
427 3
395 1
337 0
132 2
376 2
577 3
516 3
114 0
15 0
719 0
778 3
106 0
717 1
150 2
462 2
81 2
803 3
296 3
111 0
696 3
710 1
634 0
621 0
711 0
579 2
87 3
899 0
47 2
766 0
222 3
23 1
792 0
293 3
962 1
652 2
748 1
145 1
326 3
912 1
869 2
657 2
483 3
852 0
86 1
842 1
573 0
694 1
41 3
700 3
974 1
428 3
210 2
812 0
767 3
407 3
648 3
278 0
853 2
636 2
82 1
837 1
629 2
420 0
58 2
620 0
210 0
81 3
58 1
303 1
171 3
346 1
64 2
969 3
428 2
216 1
930 0
696 2
846 1
423 1
844 2
369 0
446 2
435 2
976 1
294 1
563 3
217 1
883 1
645 2
221 0
795 2
504 1
544 2
675 0
148 0
833 1
227 2
410 2
272 0
917 3
181 2
386 3
631 2
674 0
192 3
515 1
727 3
950 0
217 2
627 0
253 2
175 3
165 3
449 0
486 2
843 2
110 2
980 1
486 0
193 0
447 3
203 3
266 2
464 2
259 2
330 3
851 3
697 0
422 0
673 3
362 2
363 1
165 0
924 2
630 3
139 2
796 3
994 3
502 2
849 0
485 1
807 3
228 0
207 0
92 1
583 2
698 1
980 0
454 2
503 3
705 3
973 0
238 1
427 2
837 0
850 1
639 2
40 1
64 0
439 1
536 3
246 1
879 2
373 1
494 2
321 3
554 3
649 2
401 0
427 1
712 2
968 1
148 1
913 2
440 2
704 1
353 2
574 1
804 2
890 2
388 1
533 2
194 2
475 3
880 1
36 1
142 3
105 3
267 3
467 2
405 3
405 2
133 3
725 1
338 2
750 0
853 1
204 1
325 3
296 1
260 1
988 0
201 0
3 2
564 3
225 1
772 3
275 3
848 0
768 0
964 1
920 2
26 2
917 1
176 1
842 2
806 1
884 0
361 0
706 2
914 3
687 0
97 0
200 0
343 2
665 1
244 2
491 1
798 3
157 2
11 2
226 2
831 1
856 3
99 1
9 3
733 2
244 0
807 1
605 3
74 1
328 0
409 0
436 1
604 1
657 1
730 3
792 3
989 3
607 1
438 3
314 1
721 1
854 3
586 1
50 3
252 3
749 3
640 2
925 0
947 3
783 3
593 0
198 0
910 3
947 1
722 0
251 0
676 0
703 3
839 1
465 2
418 3
708 1
331 1
898 3
598 1
252 0
99 2
330 0
895 2
565 3
187 3
386 0
626 0
511 0
382 3
606 3
302 1
287 2
644 1
195 1
69 2
995 2
187 2
664 3
748 3
286 1
519 2
142 1
315 1
62 3
683 2
659 3
366 0
280 3
149 0
331 2
85 0
618 1
472 0
431 2
599 3
769 0
584 1
339 1
2 2
206 0
346 3
971 1
652 3
276 1
994 2
744 0
200 3
958 3
426 1
245 3
510 3
715 3
758 0
438 0
278 3
453 3
29 3
549 3
814 0
159 1
565 1
584 2
27 3
507 1
75 2
724 0
400 1
862 0
183 3
722 1
43 2
123 0
145 2
948 1
424 0
177 3
459 2
450 0
192 0
396 2
834 3
209 2
271 1
936 2
588 3
1 0
982 1
187 1
56 1
144 2
758 3
315 2
578 2
522 3
813 0
275 0
7 1
695 1
706 0
865 1
70 3
160 1
671 0
478 3
289 1
93 3
661 3
315 0
678 0
911 3
723 0
929 1
775 1
543 1
644 2
393 2
681 2
837 3
674 3
945 1
791 2
552 3
964 3
838 1
855 1
86 0
511 2
723 2
943 0
162 3
788 2
808 2
858 0
638 0
363 0
862 1
957 3
572 2
204 3
785 3
25 3
734 3
100 0
385 1
210 3
387 3
758 1
265 2
37 0
386 1
231 2
43 0
259 3
139 3
910 2
379 3
551 3
84 1
268 1
251 1
3 1
415 3
732 3
901 3
22 0
604 0
959 0
425 0
124 1
231 1
672 1
623 2
889 2
760 0
90 3
304 3
