350 5
123
332 2
115 2
300 1
112 0
222 4
187 0
96 4
104 3
175 1
188 3
90 3
51 3
144 2
259 4
108 2
193 1
94 0
323 2
39 0
120 2
82 1
91 1
45 3
182 4
246 3
267 4
300 0
212 2
209 4
270 1
310 3
130 1
287 2
235 1
228 2
28 1
169 3
7 4
274 0
314 3
96 0
122 2
186 2
67 1
309 3
66 2
343 0
181 4
231 0
241 3
35 4
9 4
281 4
143 2
288 2
101 4
260 1
318 4
268 1
191 4
307 4
11 1
43 4
237 2
305 4
75 2
62 4
272 3
171 1
173 1
347 1
318 0
77 3
201 1
71 2
319 1
0 1
256 3
265 0
87 2
245 0
121 3
48 4
293 1
322 4
230 1
332 3
224 2
324 1
27 4
341 2
49 4
55 2
274 3
23 2
310 1
292 1
340 3
85 1
88 2
108 0
310 4
98 3
272 1
149 2
152 3
83 4
202 2
120 4
3 4
99 3
67 0
324 4
221 0
115 1
195 1
228 3
132 2
345 0
97 3
64 0
337 4
47 3
