2 999
1339
1 736
1 948
1 185
0 232
0 708
0 11
1 945
0 28
0 186
1 684
1 696
0 154
0 100
1 366
0 110
1 265
0 710
0 129
1 603
1 178
1 340
0 17
0 952
1 572
0 29
1 70
0 322
0 194
0 669
0 734
1 585
1 898
1 350
0 362
1 102
0 711
0 991
1 376
1 721
1 762
0 760
0 877
0 256
1 871
1 644
1 153
0 12
1 443
0 288
0 396
0 168
1 687
1 674
0 517
1 763
0 976
0 680
0 934
1 710
1 800
0 779
1 824
1 161
0 875
1 316
1 458
0 345
0 358
1 123
0 431
1 513
0 166
1 733
1 277
1 112
0 889
0 822
1 615
1 963
0 792
1 759
0 262
0 667
1 396
1 554
0 601
0 400
1 10
0 788
0 774
1 498
1 777
1 104
0 793
0 276
1 605
0 967
1 487
0 342
0 666
0 349
0 198
0 628
1 719
0 878
0 602
1 992
1 37
0 19
1 907
0 535
1 445
0 388
1 408
0 557
1 248
0 363
0 867
1 145
0 519
0 293
0 480
0 343
0 555
1 342
1 141
0 811
0 815
1 526
1 914
0 108
0 528
0 636
0 463
1 440
0 592
0 741
1 964
1 256
1 559
0 407
0 956
1 619
1 191
1 373
0 275
1 544
0 20
1 972
1 58
1 283
1 223
0 369
1 247
1 883
1 692
0 848
1 743
0 50
1 392
0 901
1 429
0 979
1 400
1 253
0 593
1 781
0 686
1 543
1 198
1 555
1 697
1 683
0 499
1 64
1 114
0 460
0 613
1 220
0 9
0 250
1 363
1 292
1 473
1 814
0 786
1 823
1 811
0 171
0 573
1 672
0 442
0 184
1 108
0 816
1 476
1 307
0 91
0 125
0 263
0 626
1 853
1 621
0 273
1 504
0 856
0 926
1 135
1 54
0 719
1 140
0 497
0 317
1 783
0 64
0 972
0 840
0 641
0 128
0 965
1 561
1 655
1 231
1 547
1 395
0 729
1 596
1 444
1 542
0 56
0 211
0 820
0 206
0 477
0 251
1 634
0 158
1 19
0 806
1 711
1 455
0 226
0 425
1 798
0 356
0 603
0 747
0 219
1 810
0 712
0 474
1 509
0 258
0 160
1 190
1 166
1 271
1 753
0 942
0 915
1 756
0 55
1 237
0 83
1 387
1 371
0 10
1 540
1 189
0 123
0 721
0 59
0 527
1 306
1 234
1 957
0 394
1 327
0 367
1 53
0 462
1 227
0 727
1 372
1 88
0 247
0 136
1 128
1 930
1 817
1 828
1 947
1 42
1 607
0 920
1 63
1 215
1 563
1 281
1 377
1 702
1 250
0 146
0 538
1 983
1 618
0 812
0 392
1 209
1 142
0 126
0 893
1 480
0 35
1 795
0 699
1 164
1 595
0 429
1 73
0 957
1 313
1 954
0 387
1 576
0 503
0 646
0 40
1 782
0 441
0 530
1 715
0 694
1 381
1 309
1 822
1 495
0 723
0 41
0 713
1 491
1 636
1 910
0 290
1 514
0 309
0 210
1 837
0 399
1 599
0 810
0 855
1 994
0 82
0 330
0 422
0 701
1 465
0 87
1 799
1 18
0 724
0 690
0 227
1 69
0 650
1 412
0 614
0 391
0 300
1 8
1 3
1 33
1 241
0 668
0 936
0 339
1 315
1 361
1 331
1 754
1 905
0 730
0 836
1 912
0 689
1 614
0 706
0 693
1 416
0 685
0 854
1 200
0 52
1 597
1 211
0 552
0 48
1 765
1 437
0 314
1 698
1 347
0 31
0 359
1 993
1 529
1 355
1 949
1 378
0 982
0 221
1 300
0 495
0 265
1 691
0 576
1 712
1 266
1 527
1 155
1 834
1 156
1 935
0 651
1 221
1 541
1 312
1 833
0 691
1 537
0 954
1 78
1 651
1 505
1 958
0 539
1 507
0 279
1 967
1 956
0 228
0 498
1 500
0 491
0 373
1 974
1 270
0 433
0 663
0 15
1 649
1 479
1 171
0 802
0 231
0 962
1 654
1 496
1 296
1 571
1 435
1 44
0 413
1 613
0 260
0 172
1 197
0 828
0 365
0 496
1 900
1 785
0 253
0 515
1 705
1 137
1 326
1 187
0 794
1 117
1 489
0 152
1 843
1 806
0 406
1 272
0 884
0 127
1 168
0 862
1 975
1 15
0 104
0 904
1 758
1 330
0 770
1 165
1 580
1 812
0 390
1 604
0 578
1 449
1 420
1 565
0 398
0 292
0 996
1 774
1 21
0 169
0 450
0 938
0 805
0 451
0 580
0 205
0 101
1 588
0 51
0 745
1 748
1 984
1 631
1 885
0 397
0 757
0 657
1 230
1 262
1 403
0 595
1 778
1 590
1 997
0 203
0 643
0 764
1 598
1 492
1 739
0 532
0 563
1 426
0 364
0 852
0 437
0 546
1 642
0 85
1 771
1 535
0 415
0 731
0 998
0 748
0 324
1 201
1 134
0 543
1 660
1 101
0 850
1 664
0 353
1 75
1 251
1 28
1 144
0 766
1 893
0 916
0 704
0 838
0 217
0 585
0 824
0 625
1 766
1 959
1 428
0 252
1 647
1 182
0 467
1 594
1 562
0 992
0 92
0 223
0 746
0 135
0 584
1 911
1 913
0 215
1 1
0 761
1 174
0 338
0 124
0 427
0 659
1 375
0 738
1 873
0 809
1 48
1 889
0 892
1 686
1 49
1 622
1 675
1 583
1 512
1 601
0 341
1 357
1 406
1 380
0 971
1 652
0 98
1 219
0 870
1 461
0 403
1 546
1 149
1 578
0 612
0 214
0 908
1 879
1 890
1 550
0 191
1 25
0 316
0 336
1 866
1 115
0 642
0 939
0 516
0 236
0 354
1 773
0 475
1 354
1 29
0 947
0 21
1 196
1 744
1 965
1 734
0 975
0 337
1 143
0 750
0 985
0 849
0 616
0 611
1 436
1 805
1 267
0 648
0 420
0 678
1 179
0 653
1 339
1 226
1 899
1 658
0 468
1 181
1 170
1 239
0 315
1 229
1 264
1 162
0 393
1 789
0 950
1 260
0 662
1 731
1 821
0 303
1 98
0 960
1 884
1 662
0 332
1 807
1 332
0 266
1 584
0 38
0 523
1 133
0 895
1 845
0 199
1 93
0 449
0 571
1 328
1 826
1 293
1 204
0 254
1 511
1 177
1 887
0 161
0 282
0 416
0 138
0 423
0 993
0 438
0 887
1 24
1 987
1 254
0 361
0 378
1 545
0 148
0 66
0 943
0 953
1 888
1 442
0 579
1 673
0 501
1 827
1 138
1 322
1 775
0 163
0 841
1 341
1 593
0 264
0 981
1 602
0 383
0 720
1 490
0 34
0 37
1 318
0 57
0 684
0 869
0 134
0 285
1 415
0 620
1 551
0 119
1 923
0 43
0 973
1 669
0 672
0 859
1 384
1 195
0 297
0 16
1 333
0 492
0 844
0 797
1 742
0 489
0 131
0 89
1 120
1 32
1 718
1 940
0 255
0 798
1 747
0 925
1 41
1 989
1 564
1 79
0 525
0 472
1 770
1 730
0 894
1 252
0 461
1 351
0 46
1 360
1 690
0 548
1 641
1 717
0 177
0 331
0 655
0 298
0 980
1 681
0 921
1 713
1 202
1 869
0 564
0 443
1 894
0 529
1 418
1 16
0 776
0 220
0 93
1 611
0 534
1 682
0 439
1 320
0 540
1 772
1 820
0 804
1 520
0 243
0 346
1 305
0 366
1 95
1 45
1 127
1 548
1 199
1 981
1 96
1 575
1 208
1 77
0 143
0 384
0 608
1 643
1 960
1 257
1 228
0 88
1 122
0 930
0 649
0 605
0 60
0 167
1 497
0 130
0 671
1 130
1 275
1 952
1 729
1 188
1 661
0 54
1 386
1 368
1 82
1 510
0 568
1 985
0 864
0 846
1 813
1 359
0 756
0 905
0 139
0 22
0 861
0 377
1 129
0 2
1 284
0 744
0 313
1 926
0 375
0 234
1 224
1 519
0 796
0 697
1 136
0 117
0 919
0 185
1 825
1 709
1 895
1 410
0 195
1 20
1 26
0 270
0 308
0 629
1 671
0 863
0 715
0 544
1 962
0 490
0 385
1 558
0 698
0 113
0 946
1 737
0 536
0 222
1 47
0 335
1 173
1 468
1 735
0 955
0 140
0 897
0 647
0 813
0 803
1 716
0 410
0 753
0 151
1 346
1 626
0 132
1 586
0 118
1 538
0 281
0 513
1 207
1 876
1 369
0 673
0 111
0 77
0 153
0 355
1 81
1 131
1 477
1 991
1 732
1 908
0 79
0 99
0 197
1 508
1 286
0 994
1 556
1 955
0 932
1 746
1 801
1 896
1 854
0 204
0 627
1 942
0 977
1 703
0 6
0 459
0 141
0 395
1 606
0 891
1 6
0 773
0 607
1 338
0 857
0 188
1 46
0 321
1 288
1 66
1 536
0 426
0 801
1 494
0 218
1 841
0 105
0 791
0 596
1 111
1 4
1 639
1 530
0 502
0 90
1 764
1 741
0 112
1 206
1 932
1 951
1 740
0 765
0 137
0 479
0 36
0 241
0 533
1 125
0 179
0 692
1 779
1 193
0 159
1 325
1 160
0 814
1 829
0 575
1 183
1 453
1 43
0 333
0 676
1 637
0 917
1 152
0 414
1 71
1 680
1 852
0 58
0 268
1 280
0 928
0 212
1 175
1 116
1 903
1 83
0 344
0 736
1 427
0 970
0 357
0 785
1 882
1 531
1 629
0 381
1 790
1 788
1 84
0 674
0 825
0 817
1 291
0 469
0 323
0 476
1 243
0 62
1 278
1 944
1 422
1 30
0 873
0 351
0 995
0 14
1 528
0 622
1 581
0 120
0 566
0 929
0 430
1 118
0 600
1 356
0 912
0 506
0 164
0 772
1 943
0 665
1 35
0 618
0 630
0 190
1 67
0 454
1 85
1 670
0 931
1 105
1 971
1 849
1 516
1 210
1 633
1 532
0 997
0 988
1 592
1 314
0 409
1 901
0 531
1 700
1 110
0 800
1 169
0 428
0 209
1 648
0 446
1 539
0 257
1 421
0 42
0 874
0 7
0 799
0 33
0 660
0 311
0 522
0 237
0 726
0 457
1 475
0 907
0 360
1 668
0 509
1 970
0 174
1 180
1 90
0 635
1 966
1 397
0 591
1 493
1 186
1 467
0 941
1 982
0 80
1 106
1 298
1 11
1 688
1 728
1 222
0 26
1 417
1 405
0 432
0 526
0 737
0 511
1 335
1 938
0 550
0 162
1 348
0 562
1 761
1 399
1 524
1 968
1 784
1 808
1 663
1 892
1 299
1 434
1 311
1 858
1 934
1 150
0 703
0 821
0 577
0 106
1 838
1 240
0 116
0 752
1 385
0 418
0 881
0 911
1 430
1 459
0 675
0 958
0 289
0 587
1 557
1 767
0 937
0 200
0 677
1 708
1 723
1 567
0 782
1 159
0 913
0 30
1 881
1 653
0 632
0 556
1 946
1 393
0 173
1 617
0 63
0 272
1 452
0 615
0 755
0 102
0 783
0 768
1 769
0 97
0 278
0 572
1 589
0 107
1 582
1 413
1 699
1 245
1 391
1 704
1 379
0 294
1 573
0 287
1 835
0 906
1 258
0 69
0 122
0 990
0 224
0 968
1 780
0 44
1 939
0 157
0 94
1 751
1 809
1 249
1 91
1 336
1 726
1 620
1 757
0 183
1 803
1 390
0 405
0 700
0 742
0 542
0 372
0 505
0 823
1 797
0 230
1 569
0 518
0 637
1 484
1 677
0 340
1 522
0 652
1 727
1 147
0 537
0 165
1 608
0 514
0 512
0 182
1 474
0 271
0 986
0 291
0 201
1 92
1 847
0 759
1 980
0 75
0 389
0 763
1 815
1 358
1 924
0 918
