3 959
1180
2 760
1 608
1 853
0 477
1 743
0 673
1 942
2 680
2 363
0 325
0 44
2 40
0 272
0 790
0 910
1 34
1 271
0 860
0 184
0 571
0 509
1 797
2 38
1 565
2 293
1 160
2 534
2 544
1 523
2 476
2 471
1 699
1 846
0 201
1 390
1 678
2 708
1 653
2 821
2 233
1 406
2 776
1 356
1 550
1 113
1 884
2 742
1 571
2 638
2 936
0 665
1 907
1 316
1 115
2 845
2 247
1 735
2 145
2 287
0 111
1 357
1 504
1 487
2 869
2 758
0 65
0 383
2 249
0 917
2 467
2 246
0 118
2 685
1 8
0 164
0 928
2 713
2 896
1 258
1 235
2 726
0 473
2 744
1 885
0 209
2 695
1 452
0 728
2 139
1 41
2 71
1 376
2 856
0 121
0 430
2 676
0 379
2 41
1 78
1 354
1 941
2 312
2 554
1 145
1 537
1 511
2 396
1 428
2 392
2 68
1 343
1 54
0 498
2 477
2 385
1 266
1 108
0 904
2 441
1 53
2 352
2 11
0 706
0 190
1 502
0 119
0 37
2 740
1 482
1 402
1 476
0 249
1 509
1 164
0 842
2 13
0 803
1 696
1 762
1 496
1 823
2 847
1 531
1 955
2 451
1 494
1 890
1 787
1 249
1 576
1 586
1 615
0 234
2 829
2 198
2 661
1 658
1 863
2 732
2 327
0 895
2 380
2 240
0 370
0 214
1 837
1 893
2 496
1 724
2 48
0 943
2 30
1 641
0 594
2 457
1 751
1 888
2 915
2 473
1 826
1 772
0 518
1 629
0 139
0 337
1 189
0 570
0 527
2 587
0 677
1 668
0 108
0 1
0 523
1 300
0 28
1 704
1 938
1 193
0 94
1 931
2 317
1 20
0 191
2 440
2 880
0 168
2 868
0 416
1 311
1 825
1 570
1 785
0 886
1 292
0 373
0 251
1 430
2 577
2 594
0 205
1 924
1 662
2 397
2 241
2 547
1 16
1 818
1 790
1 485
1 716
2 610
2 410
1 546
1 51
2 17
2 537
0 156
2 5
1 2
0 284
0 328
0 741
1 38
1 33
1 77
1 495
0 386
0 933
0 210
0 34
1 727
2 899
1 153
1 307
0 861
2 743
1 312
1 337
2 150
0 664
2 567
0 423
1 443
1 815
0 456
0 575
0 776
0 129
2 730
0 324
1 285
2 432
1 242
0 672
0 241
2 65
1 321
0 813
0 305
2 692
0 19
0 419
0 2
2 595
2 849
0 172
2 353
1 71
1 526
0 335
2 337
0 316
0 144
1 175
1 517
0 352
1 513
2 21
1 886
1 313
0 216
2 77
1 697
0 724
1 211
0 823
1 281
2 251
1 237
0 794
2 245
0 13
1 460
1 352
2 691
2 837
0 608
0 136
2 747
0 783
0 808
2 28
0 487
2 100
0 854
0 372
0 923
2 114
2 50
1 597
2 890
2 779
0 709
2 355
0 341
0 869
1 79
0 260
2 665
2 516
0 133
0 23
2 835
2 138
2 340
0 124
0 403
0 510
1 60
0 612
0 321
2 15
2 592
2 463
0 429
2 206
1 39
0 687
0 508
0 308
0 219
2 295
1 805
1 56
1 606
0 99
2 310
2 883
2 3
2 394
2 697
1 233
0 137
1 554
2 336
1 333
0 32
0 737
0 132
0 651
0 122
0 211
2 955
2 186
1 814
2 456
2 748
0 542
0 49
0 81
0 511
0 695
2 24
1 399
2 57
1 695
0 629
2 8
2 871
0 422
1 135
0 898
2 943
1 809
0 764
0 485
1 125
0 931
2 922
0 58
0 744
2 712
0 667
1 58
2 816
2 378
2 654
1 530
2 286
2 329
1 900
0 276
2 807
1 52
0 627
1 128
1 578
0 493
0 226
1 475
2 273
2 75
1 634
0 495
1 298
0 703
0 832
0 397
2 0
2 325
0 273
1 672
0 468
0 719
2 660
2 235
0 368
2 941
0 407
0 628
0 525
0 565
0 73
1 717
0 676
1 947
0 567
0 323
2 934
2 926
2 894
2 144
2 218
2 187
0 578
0 611
1 767
2 893
2 462
0 952
0 723
0 609
2 104
0 376
1 533
1 320
1 361
2 42
2 270
1 501
0 208
1 429
0 690
1 254
2 627
0 867
0 390
1 442
0 158
1 910
2 127
2 155
1 252
0 298
2 954
2 332
2 361
0 825
0 696
1 297
1 624
1 954
0 592
1 123
2 318
0 299
0 78
1 584
0 126
2 101
2 224
2 72
0 663
1 355
0 301
1 272
0 218
1 831
1 558
0 338
0 35
2 917
0 939
1 514
0 355
0 734
1 503
0 483
1 822
2 881
2 143
2 614
0 710
2 6
0 459
2 216
0 713
1 599
1 400
1 13
1 456
1 466
0 342
2 840
1 27
0 901
1 882
0 837
0 449
2 156
1 761
1 733
1 289
1 111
2 662
1 101
2 307
1 538
2 536
2 634
0 520
1 169
1 757
2 244
1 325
2 32
2 782
0 714
2 346
0 906
1 870
2 322
2 435
1 454
2 343
2 267
1 163
2 788
2 199
0 488
0 169
2 800
1 304
1 350
1 299
0 334
0 560
0 595
0 106
1 858
2 316
1 949
1 15
2 184
0 221
1 293
2 767
0 947
0 261
1 640
2 510
1 702
1 162
2 491
0 173
1 216
2 215
0 300
1 81
2 558
0 84
0 275
2 388
2 900
2 556
2 19
0 21
0 180
2 54
2 673
2 601
1 116
1 602
1 904
1 616
1 42
0 876
0 494
1 918
1 243
0 614
0 777
0 548
1 408
2 370
2 494
2 36
2 443
1 486
0 839
1 840
2 799
2 751
0 691
0 443
1 127
1 520
2 568
0 835
1 445
0 27
1 897
1 950
2 919
2 458
1 856
0 40
2 450
1 628
1 850
2 652
1 935
1 638
1 671
0 394
0 148
0 881
0 843
1 238
0 802
0 313
0 270
2 349
1 3
0 404
0 91
2 178
1 435
0 51
0 746
0 146
1 928
1 185
2 399
2 70
0 496
2 185
1 925
1 667
1 923
2 309
2 459
0 194
0 804
0 530
1 344
2 181
2 381
0 285
2 116
2 705
2 480
0 89
2 626
0 393
2 596
1 368
1 618
0 385
2 210
2 741
0 182
2 207
2 489
0 812
0 916
0 686
1 109
2 268
0 162
1 957
2 449
0 559
2 373
1 642
1 196
0 754
1 437
1 726
2 611
2 908
1 67
1 50
2 102
1 226
2 759
1 422
2 867
1 166
2 4
2 765
1 746
1 150
0 537
1 440
2 563
2 711
1 536
1 707
0 257
0 936
2 298
2 278
0 856
1 288
2 892
0 809
2 569
1 336
1 903
0 375
1 914
0 231
2 474
1 396
1 394
2 887
2 162
2 761
1 934
2 177
0 389
0 176
2 37
1 807
0 948
0 33
2 772
0 4
1 96
2 288
2 589
1 213
2 196
2 416
0 899
1 518
2 573
1 619
1 407
2 635
2 933
0 497
0 134
1 953
0 550
2 52
0 185
1 280
0 131
0 183
0 451
2 519
2 469
0 838
2 88
0 515
2 623
1 168
1 698
1 431
0 588
0 398
2 753
0 534
2 581
1 813
2 10
1 614
0 167
1 719
1 253
2 487
1 455
0 821
2 647
1 627
0 115
1 768
1 395
0 365
0 262
2 294
2 914
0 92
0 152
0 637
1 62
2 671
0 732
1 860
1 198
1 803
1 524
0 64
1 633
1 389
0 820
2 683
2 625
1 774
0 267
1 291
1 593
1 70
1 181
0 242
0 490
0 753
2 834
0 692
0 217
2 944
0 127
1 588
1 489
1 397
0 880
2 132
1 605
0 615
0 782
1 829
0 109
0 286
1 824
2 256
2 413
2 401
2 859
2 524
2 124
0 460
0 16
1 379
2 108
2 928
0 15
0 815
1 652
0 892
1 4
2 152
1 346
0 360
0 683
2 261
0 41
1 664
2 575
0 296
1 792
2 403
2 645
0 911
2 734
2 174
1 401
1 82
1 871
2 333
2 35
2 200
0 874
2 763
0 618
1 98
2 69
1 543
0 238
2 408
1 527
2 445
0 788
0 512
1 461
2 414
0 255
2 426
1 241
1 497
2 58
2 447
2 315
0 484
0 871
1 793
2 495
1 637
0 551
0 476
1 151
0 150
1 255
1 795
2 798
2 292
2 107
0 445
1 269
2 111
0 319
2 913
1 159
2 916
0 557
0 766
2 522
2 131
2 824
2 356
2 439
0 311
1 731
2 861
0 438
2 951
0 598
2 606
2 485
0 295
2 514
0 576
0 862
1 595
1 862
0 203
2 667
1 331
0 657
1 136
0 329
0 849
1 802
0 590
0 189
1 684
1 791
2 142
2 505
0 207
0 48
1 806
1 383
2 478
0 107
2 877
0 951
0 310
2 80
0 433
1 224
2 774
2 605
2 612
0 850
2 801
0 507
1 156
1 270
2 299
2 949
2 910
1 416
0 374
1 778
2 165
1 1
1 329
0 853
1 477
0 662
2 230
2 805
2 675
2 324
2 804
0 453
0 288
1 308
0 236
2 254
2 617
2 170
1 773
1 582
2 717
1 414
0 157
2 513
0 290
1 591
0 425
0 896
2 208
2 736
2 656
0 694
1 184
2 786
0 364
2 850
1 649
0 363
1 956
0 585
2 239
0 481
1 275
0 39
1 561
0 799
1 141
2 402
2 811
1 465
0 945
1 631
1 926
2 588
0 280
0 450
1 636
0 626
0 597
2 117
2 552
2 157
1 277
2 90
1 569
1 63
2 770
2 598
2 945
2 507
1 708
0 196
2 621
1 847
0 60
1 478
1 817
1 612
2 571
2 663
0 50
1 47
0 461
1 178
0 38
0 369
2 321
1 171
1 334
0 281
2 904
2 771
1 800
0 544
2 226
0 727
1 86
0 367
0 956
2 886
1 227
2 180
0 0
0 63
0 791
2 434
1 832
2 1
0 704
2 909
2 281
2 110
2 693
1 10
0 920
2 259
1 677
1 776
0 930
0 729
0 200
0 256
2 438
0 388
1 324
0 181
0 98
0 466
2 412
0 707
0 314
2 624
0 731
2 328
0 161
2 825
2 921
1 701
2 304
1 91
2 354
2 664
0 467
0 239
0 752
1 148
2 146
2 918
2 629
1 218
0 491
1 309
1 374
0 42
1 32
0 244
2 885
1 137
1 639
1 448
2 136
0 680
0 482
