3 489
897
0 93
2 121
1 53
0 275
2 395
2 428
2 333
0 350
2 35
0 394
2 255
0 477
1 163
1 303
0 107
1 24
2 275
2 227
2 319
0 282
1 281
1 376
2 150
0 284
0 57
1 42
1 150
0 187
2 174
1 70
1 295
1 179
0 4
1 386
2 232
0 111
2 359
0 236
0 392
2 293
1 334
1 438
0 120
2 2
0 218
0 32
2 307
1 88
0 354
2 423
1 117
0 234
0 293
0 133
2 45
0 229
1 147
0 61
0 301
2 286
2 165
2 366
0 468
2 335
2 413
1 46
0 233
1 326
0 256
1 208
1 116
2 66
0 294
2 433
1 226
0 456
2 153
2 429
1 482
2 260
2 364
0 323
0 140
2 225
1 134
2 211
1 43
1 93
0 226
2 54
0 480
1 332
0 356
2 483
1 402
1 121
1 477
1 470
2 360
0 221
2 245
2 144
1 99
1 373
1 370
0 291
2 85
1 135
2 188
2 403
0 137
2 373
2 20
1 153
2 369
0 391
0 203
1 363
2 329
2 463
0 325
2 292
2 12
1 445
2 242
0 462
1 137
0 395
0 455
1 17
0 346
0 408
2 27
2 482
1 203
1 218
0 302
2 328
2 163
1 91
1 460
1 455
1 324
1 398
0 17
0 436
0 99
2 228
2 139
2 185
1 434
2 467
1 322
1 175
0 431
1 475
1 120
2 32
0 18
0 125
1 14
2 425
0 295
1 181
2 338
1 271
0 70
1 204
0 308
1 423
1 108
2 402
0 141
1 346
1 453
1 244
2 21
2 401
1 219
1 127
1 261
0 210
1 73
0 162
0 130
0 336
2 448
0 237
2 133
1 40
0 208
2 137
1 100
1 94
0 355
2 193
1 401
2 390
1 448
0 77
0 155
0 138
1 112
0 230
0 265
2 440
1 158
2 18
2 130
1 38
0 328
1 189
2 106
0 257
0 359
0 260
0 63
2 34
1 183
0 73
2 298
2 405
1 111
2 120
2 202
1 7
0 427
1 382
2 449
0 47
2 95
0 149
0 310
1 408
0 464
2 77
2 454
2 400
1 83
1 344
0 42
0 367
2 124
2 48
2 304
1 318
2 151
1 315
2 117
1 366
1 446
2 472
0 154
1 283
0 134
0 219
1 374
2 64
1 413
0 202
2 252
2 323
0 157
1 478
0 222
1 64
1 180
2 168
2 385
1 331
1 260
0 232
0 66
1 124
2 271
2 190
2 297
0 347
2 446
1 335
1 78
1 59
2 108
1 476
1 343
1 55
0 10
2 295
0 74
2 453
0 300
0 161
1 383
2 65
1 409
1 419
1 253
2 485
1 286
0 48
2 287
0 411
2 296
2 427
0 31
2 37
2 86
0 110
2 113
2 209
2 40
1 342
1 243
2 262
0 271
1 194
1 98
2 132
1 291
2 49
2 404
2 123
0 269
0 255
0 415
0 136
1 122
0 206
2 0
2 246
0 114
2 279
0 87
2 355
0 249
1 429
1 160
0 25
0 40
0 379
1 171
2 253
1 210
0 279
1 428
1 195
0 390
2 178
2 109
1 292
2 230
2 142
1 106
0 50
0 183
2 318
2 289
2 82
2 4
1 396
1 436
0 276
1 211
1 282
0 272
2 196
0 65
2 476
1 205
1 321
1 405
1 170
1 214
1 280
0 449
0 144
0 447
1 32
1 118
0 353
0 147
1 0
0 189
1 449
2 50
2 344
2 346
0 382
0 450
1 155
0 448
2 204
2 461
1 391
1 206
2 393
0 9
2 438
1 410
2 367
0 174
2 442
1 384
2 199
1 255
1 466
0 8
0 261
2 460
1 451
2 459
2 272
1 232
0 439
0 319
2 361
0 193
2 450
2 290
1 190
2 197
1 28
0 366
1 198
1 415
0 246
1 273
2 141
1 231
2 116
1 35
0 403
2 254
2 159
0 263
2 88
2 39
0 482
0 320
0 281
0 83
0 341
2 6
2 300
1 95
1 323
2 411
2 357
0 92
2 58
2 128
1 371
1 184
1 186
1 103
1 278
1 432
0 343
2 19
1 447
2 470
1 156
0 228
1 132
1 141
2 248
2 214
2 340
1 404
1 13
0 192
0 190
1 191
1 441
0 444
1 442
1 293
2 129
0 400
1 262
2 239
0 452
0 465
1 319
2 98
1 284
1 114
2 412
1 217
2 187
0 321
0 309
1 174
2 217
0 81
0 318
2 267
2 259
2 238
1 4
0 384
2 162
0 425
1 230
2 397
2 10
0 55
2 203
2 1
2 213
0 97
1 469
0 168
0 270
0 288
1 310
2 221
2 430
2 247
1 1
2 76
0 389
2 55
2 127
2 365
0 200
0 67
1 427
2 93
1 60
2 303
1 79
2 475
0 43
2 280
1 352
1 5
0 466
1 422
0 303
2 410
2 294
0 363
0 292
0 339
2 382
1 333
2 466
2 277
2 179
2 7
2 143
1 435
1 16
2 220
1 75
0 387
1 274
1 414
0 235
1 426
1 11
2 158
2 192
1 157
2 105
0 349
1 81
1 66
2 325
1 185
1 12
0 216
0 461
1 10
1 340
1 330
1 458
0 20
0 440
2 11
0 170
0 240
0 342
1 388
1 34
0 251
0 370
0 267
0 423
0 212
1 431
2 464
2 285
2 383
1 355
2 157
1 362
0 172
1 487
1 90
1 264
0 143
2 17
1 224
2 38
2 375
2 422
2 131
0 258
1 84
1 89
2 283
2 177
0 351
2 456
2 479
1 285
1 220
0 30
1 316
1 300
1 102
0 404
1 242
0 483
0 399
1 215
1 290
2 46
1 347
2 392
0 79
2 299
0 352
1 483
0 324
0 27
1 19
1 44
2 56
2 243
2 452
0 463
1 209
0 199
2 173
0 207
1 479
0 46
2 419
2 306
2 31
2 16
0 426
1 314
2 356
1 85
1 30
1 356
2 317
1 328
1 463
1 57
1 269
2 206
0 478
0 148
1 305
2 439
2 218
0 289
2 437
1 457
0 414
1 200
2 421
2 91
0 150
0 348
0 388
1 138
2 63
0 401
0 338
2 302
1 240
0 151
2 342
0 376
0 82
2 321
1 385
0 58
1 387
1 145
2 310
1 26
0 191
2 311
2 219
0 402
1 213
0 475
0 298
0 164
1 80
1 65
1 459
1 69
2 210
0 126
1 462
2 110
2 52
0 410
2 324
1 437
1 96
2 352
2 484
2 164
2 47
1 54
2 147
1 361
0 156
0 213
1 18
1 140
2 415
2 186
0 94
1 50
1 237
1 452
0 116
0 479
1 166
2 3
2 53
0 322
0 315
1 407
2 24
2 180
2 386
0 413
2 416
2 379
0 231
0 248
0 145
1 456
0 332
2 465
2 486
2 316
0 220
1 201
2 112
2 266
1 440
1 105
0 85
1 48
0 121
2 222
0 62
2 102
0 381
2 207
0 53
0 215
1 341
2 205
1 129
0 205
2 161
0 421
1 348
1 142
2 480
1 173
0 225
2 334
2 351
0 368
0 378
0 123
2 134
2 216
0 331
0 88
2 471
0 12
1 430
0 243
0 434
1 177
2 233
1 367
0 432
1 196
0 360
0 34
0 445
0 405
1 178
0 386
0 75
0 84
1 101
0 96
1 296
1 182
1 257
0 312
0 241
1 68
0 36
2 111
1 358
1 229
0 441
0 44
2 431
0 118
2 391
0 484
0 245
1 357
2 481
2 380
2 424
0 396
1 392
2 236
0 186
2 25
1 148
2 237
0 132
0 287
2 330
2 234
2 478
1 241
1 115
0 307
2 97
2 89
1 379
0 26
0 90
2 114
0 101
2 75
1 199
1 113
0 195
2 155
1 308
1 212
0 196
2 13
2 189
0 327
1 20
1 338
2 138
0 41
0 417
0 438
2 14
0 142
1 225
2 92
1 418
2 406
2 73
1 72
2 41
1 380
2 274
1 443
1 238
0 247
0 35
2 376
2 337
1 62
2 312
1 258
1 168
0 285
0 460
