5 379
1786
1 138
3 164
2 246
2 55
3 286
0 59
2 119
0 272
2 348
1 79
3 128
0 357
3 354
0 113
1 277
2 269
0 322
2 199
2 288
0 115
0 133
3 93
3 270
2 237
2 19
0 320
4 158
3 335
4 338
2 158
3 68
4 13
3 22
4 129
4 73
1 34
4 303
0 54
3 298
1 372
3 173
2 105
2 375
3 255
4 202
3 108
3 14
0 148
3 170
3 46
3 331
1 119
2 18
3 207
4 19
3 239
2 61
1 103
4 171
3 358
4 213
3 336
4 117
4 175
0 321
1 351
0 207
0 174
1 114
0 378
0 276
1 319
0 368
2 133
0 308
2 16
2 372
3 216
1 235
4 207
0 81
1 236
2 277
2 193
2 113
0 326
1 359
1 173
0 82
4 291
4 41
3 16
1 246
3 237
2 221
4 66
2 320
3 342
0 200
2 29
4 150
3 352
0 342
0 370
2 7
2 261
4 360
0 9
3 349
2 265
1 111
2 208
2 70
2 276
0 40
0 199
1 28
1 278
4 70
3 24
0 170
2 332
3 210
0 372
0 302
4 87
2 313
1 377
2 331
4 274
1 127
0 103
4 145
2 89
4 138
1 145
4 185
3 12
0 124
2 167
3 96
1 222
1 8
1 152
4 271
1 348
4 327
2 279
1 267
0 157
2 125
0 201
3 85
1 113
3 156
0 228
3 37
2 129
4 314
2 342
2 86
2 314
2 98
1 117
3 162
3 313
3 123
0 161
3 20
3 236
1 241
3 235
0 237
1 157
1 296
1 363
3 267
3 257
3 209
0 95
3 153
3 360
2 185
2 111
3 368
1 91
0 252
1 10
3 109
3 97
1 259
3 102
1 182
0 134
0 142
1 315
2 124
4 62
3 10
3 357
0 131
3 130
1 78
3 169
0 88
2 51
3 263
3 168
3 99
0 280
4 172
3 193
2 66
4 22
1 207
4 68
2 71
3 90
1 256
2 373
1 13
0 318
3 75
0 317
2 63
3 277
3 166
3 105
2 76
2 75
0 358
4 261
4 5
1 355
3 334
2 155
3 18
4 81
1 263
3 163
1 369
3 203
3 11
1 195
4 297
0 53
3 146
0 249
1 375
1 110
4 267
0 2
1 109
1 11
1 252
1 280
4 118
4 56
1 341
4 16
0 0
4 197
0 239
2 54
3 51
4 305
0 330
4 225
3 241
1 320
4 141
3 217
0 248
4 221
0 138
0 250
3 132
1 368
3 40
4 326
0 42
2 183
2 231
2 25
4 126
1 212
4 218
2 243
1 30
0 365
0 57
4 3
2 357
4 155
3 356
1 197
0 100
3 106
4 174
1 126
0 60
0 10
2 175
0 49
1 323
3 182
1 238
1 362
2 301
4 293
4 296
1 242
2 211
0 224
1 131
4 136
4 20
0 106
0 140
1 98
2 77
3 32
4 289
3 328
1 292
4 376
2 343
3 83
2 14
2 191
2 247
0 202
2 179
4 101
0 76
1 0
0 91
1 53
3 315
1 15
0 197
3 249
0 191
0 112
3 124
4 334
1 166
1 301
4 194
3 373
1 283
2 207
1 367
3 293
1 350
3 94
0 288
1 92
2 365
2 317
0 121
1 349
2 234
2 17
3 333
0 212
0 107
2 34
0 52
3 248
1 335
4 190
4 165
2 118
3 198
1 61
2 248
4 188
2 294
3 196
1 221
4 307
4 317
0 184
3 116
3 307
1 187
0 214
1 64
2 109
2 281
4 252
4 180
4 237
2 40
4 1
0 323
0 158
3 363
3 176
3 274
4 103
4 64
4 217
1 169
4 26
4 211
1 226
0 189
4 238
2 212
4 29
3 343
3 74
4 367
4 23
3 50
3 82
2 11
3 160
1 276
2 48
0 190
2 354
2 366
0 273
0 150
0 258
1 327
2 49
1 245
4 324
4 125
3 238
1 120
4 40
2 130
4 137
3 314
1 322
0 96
0 37
2 59
1 139
2 62
0 97
3 208
4 80
2 341
1 227
0 335
1 18
1 168
1 146
4 374
2 283
3 285
3 233
4 182
4 236
2 20
4 9
3 53
0 74
0 299
2 104
2 230
0 30
3 55
3 188
2 240
3 92
2 319
4 11
0 352
2 350
2 52
3 87
3 143
0 188
1 302
4 294
0 31
1 307
4 244
4 144
3 205
3 144
3 7
1 71
1 311
2 271
3 28
4 315
1 45
3 86
0 231
3 372
2 217
2 216
4 28
4 71
4 38
1 137
2 90
0 350
0 5
2 284
0 377
3 202
0 296
4 208
0 87
3 297
1 305
4 250
4 263
2 153
1 216
3 364
0 218
4 82
4 133
0 226
2 335
3 33
2 298
2 88
2 257
0 164
2 80
4 223
0 216
3 165
0 339
1 87
1 49
3 49
0 27
3 142
3 299
1 304
3 199
1 153
3 145
0 241
4 301
1 206
3 190
2 226
4 335
4 153
4 284
4 35
3 324
1 289
3 151
2 15
1 261
3 317
0 343
4 30
4 362
2 249
1 102
2 93
2 287
3 21
4 191
2 81
2 128
0 39
2 232
2 120
3 4
1 16
1 175
0 146
2 23
3 134
0 210
2 190
3 296
3 201
1 105
0 24
2 172
1 54
4 226
0 166
1 288
1 356
3 131
3 39
1 189
3 141
3 76
4 319
2 206
4 76
2 238
2 254
4 184
1 101
1 228
1 4
4 154
3 376
0 222
4 242
3 48
3 289
0 84
3 194
0 364
2 22
1 208
0 187
2 21
4 173
3 67
3 91
4 277
4 85
1 107
1 260
2 56
1 2
3 104
2 210
2 180
0 102
1 112
3 63
0 246
0 45
1 264
4 241
3 211
4 27
2 101
1 159
3 232
0 167
2 367
1 35
2 102
3 253
0 4
0 172
2 132
2 164
0 155
4 74
3 72
0 225
1 237
3 44
4 321
0 208
4 265
1 217
2 338
0 362
4 58
2 74
3 227
2 263
3 183
2 194
1 298
2 108
2 157
3 283
4 189
2 376
0 78
0 287
1 270
3 136
1 337
0 282
2 162
1 279
4 209
4 31
1 257
1 1
4 94
4 168
4 200
1 97
1 29
1 321
4 53
1 47
1 286
4 290
1 160
3 62
2 134
2 46
3 280
3 118
2 339
2 135
0 324
4 152
2 91
1 43
3 36
1 247
1 40
3 100
0 94
4 163
0 117
3 340
4 310
0 278
3 341
0 7
1 48
1 192
0 26
1 96
4 343
1 84
1 262
1 282
2 165
0 168
2 99
0 329
4 287
3 179
4 248
2 181
3 73
4 285
2 220
0 56
2 83
2 73
2 328
3 366
1 74
1 186
1 325
1 309
1 344
0 240
1 150
1 181
3 41
0 83
1 185
4 42
4 88
3 158
1 290
1 378
0 223
3 154
0 255
0 311
1 366
0 47
1 23
4 55
4 308
3 191
0 127
3 120
0 108
4 131
1 193
4 229
0 180
0 29
2 97
2 209
3 3
0 353
0 242
0 235
1 77
4 4
2 10
2 136
1 60
1 158
3 95
3 129
3 351
3 214
4 167
0 104
2 8
3 147
0 376
2 250
3 370
2 67
3 245
2 106
3 81
1 316
0 312
3 26
1 373
1 163
0 204
3 70
3 271
1 190
1 352
3 288
2 26
0 92
2 346
2 345
2 307
1 115
3 133
3 369
1 133
0 203
3 161
4 216
4 123
1 225
0 303
0 327
3 294
2 364
3 177
4 353
0 152
4 378
1 94
4 298
2 196
0 3
1 268
4 276
3 115
1 306
0 345
4 108
2 278
4 232
1 210
1 14
0 17
1 333
3 71
2 126
2 138
2 353
3 326
0 63
0 101
1 300
4 329
4 246
2 110
3 185
1 6
0 331
0 125
3 113
1 295
1 21
2 35
2 149
0 297
1 172
2 27
3 172
2 43
0 58
4 193
4 300
4 370
2 57
1 229
2 225
4 235
4 322
1 12
3 290
0 79
3 77
0 263
3 122
1 56
2 280
2 355
4 115
1 19
4 148
4 45
2 228
2 177
2 139
1 38
3 66
1 291
1 287
0 295
3 218
1 370
0 334
4 328
1 250
0 171
0 16
1 33
3 187
0 70
1 347
4 132
3 327
1 332
0 315
2 369
0 61
0 234
2 349
0 219
1 5
3 226
1 140
3 149
4 292
1 303
3 171
2 340
0 277
3 47
0 160
4 17
3 259
3 250
4 356
1 374
0 25
2 159
0 41
3 57
1 223
3 5
1 44
4 349
3 17
4 18
2 33
3 119
1 63
4 245
0 332
2 321
3 121
4 369
2 189
2 293
4 231
3 159
2 333
3 311
2 374
2 242
2 45
2 308
1 340
2 295
4 57
3 135
3 69
1 80
1 59
4 222
1 365
0 347
0 110
4 134
0 229
4 52
4 279
1 76
2 316
2 262
1 95
1 361
4 247
1 180
3 222
4 220
1 3
0 259
2 239
3 35
1 371
0 220
3 89
0 72
1 339
0 348
3 344
4 270
4 77
0 233
2 5
0 355
2 115
4 280
0 336
3 192
4 204
3 272
1 204
3 56
4 230
4 187
0 118
0 135
1 144
2 337
1 149
1 174
2 229
4 281
4 357
4 240
0 366
1 161
4 121
4 255
2 47
4 196
4 75
4 51
2 28
4 0
1 360
1 285
1 215
1 275
4 339
1 83
2 36
2 0
4 122
3 25
4 50
1 297
0 50
1 234
0 18
2 176
0 123
3 228
4 106
4 354
0 35
2 285
2 356
0 36
1 338
2 330
2 44
4 316
4 160
1 171
4 254
3 339
4 107
0 90
0 266
2 65
0 111
1 318
4 302
2 9
2 31
0 192
2 131
4 105
2 241
4 299
3 281
0 141
1 191
0 137
1 128
3 353
4 371
3 103
3 234
0 245
2 103
3 346
1 376
3 347
4 14
4 151
3 308
3 309
4 60
2 202
1 69
4 243
2 256
3 295
3 167
2 311
2 192
0 181
0 13
1 116
2 309
4 7
2 315
0 325
2 41
1 243
2 291
1 254
1 232
0 313
3 107
1 7
2 174
0 44
3 200
4 323
2 273
3 157
1 50
0 341
3 212
2 267
2 286
3 279
0 261
1 41
4 63
3 375
4 104
4 355
2 84
0 338
0 360
2 218
4 140
3 318
1 240
4 304
3 110
3 34
3 215
0 238
2 195
2 378
1 129
4 259
4 10
4 358
1 108
0 15
1 324
0 363
1 176
1 183
4 109
0 66
4 234
4 61
4 124
4 342
4 111
3 269
4 113
2 203
4 157
2 312
4 269
2 161
2 197
3 19
4 283
3 377
0 373
3 225
1 274
0 149
0 262
3 84
0 136
1 329
0 38
2 12
2 334
0 271
2 127
0 298
4 162
1 231
1 134
3 175
0 99
2 303
4 331
1 67
0 293
1 266
1 184
4 286
2 173
2 30
2 147
4 309
1 9
1 314
2 42
0 221
0 230
2 360
0 351
0 130
2 137
1 199
0 139
2 1
3 284
0 132
2 145
2 69
1 258
4 359
3 231
2 143
4 372
2 351
1 239
4 260
4 363
2 361
3 230
0 291
4 295
3 88
1 194
3 6
0 77
3 195
3 291
1 299
4 198
3 251
0 283
0 268
0 349
2 289
3 80
0 86
1 68
0 20
0 264
4 6
0 309
0 292
3 98
1 265
2 82
1 154
4 350
3 256
0 33
1 334
0 162
3 268
0 265
2 260
2 299
3 266
0 369
4 147
1 55
4 86
2 327
4 46
1 205
4 214
3 322
1 249
3 29
3 303
3 246
1 198
4 48
1 72
0 182
0 294
1 346
0 367
3 23
4 15
2 323
2 79
1 203
3 137
4 142
3 101
2 146
0 175
0 14
2 68
0 6
0 165
0 169
4 313
3 224
4 139
4 183
2 336
0 359
3 204
0 195
3 242
3 60
2 352
0 144
4 325
3 59
2 122
4 89
1 167
3 61
3 254
3 2
4 199
1 52
2 168
3 345
2 244
1 104
3 323
3 155
4 288
1 214
0 173
2 222
1 75
3 114
0 232
4 251
0 375
4 33
0 67
4 203
1 164
2 252
1 271
0 55
1 132
4 348
2 87
4 192
3 9
0 306
3 362
4 264
3 350
0 1
1 336
2 2
2 318
0 43
3 140
3 79
0 12
2 32
0 209
2 94
0 354
3 337
4 253
4 95
0 154
1 142
4 91
4 135
4 47
3 260
3 247
2 302
4 170
3 220
1 328
3 243
1 130
4 341
0 109
2 296
0 114
0 194
3 282
1 272
3 52
4 337
1 70
0 28
2 266
0 260
2 215
2 186
0 371
3 65
1 326
4 24
2 305
1 122
0 227
1 106
4 336
2 37
4 98
4 268
0 69
1 57
1 202
1 364
1 66
2 163
0 374
2 322
2 150
3 148
0 179
0 105
1 233
4 127
4 32
2 306
2 359
4 352
1 27
3 64
2 13
3 261
4 166
1 343
2 219
2 72
4 83
0 310
0 122
0 243
4 206
0 316
1 36
4 59
0 300
3 1
0 163
0 253
3 365
2 268
4 78
1 342
2 200
4 311
4 102
2 213
1 281
1 201
1 81
0 19
0 22
4 332
1 88
2 347
2 368
4 210
1 244
1 25
4 93
1 93
0 98
0 73
2 233
4 49
1 162
0 51
2 253
4 320
3 258
1 22
2 50
0 361
2 171
4 96
3 189
3 78
1 165
3 367
1 317
2 324
3 302
0 211
3 321
1 248
2 100
0 159
4 146
3 361
4 181
4 79
1 123
2 151
1 179
3 329
3 306
4 156
1 65
4 366
4 249
2 258
4 143
0 304
2 182
2 78
2 274
1 284
2 270
2 58
0 93
1 89
0 85
1 156
2 297
2 187
1 58
4 346
2 148
1 269
3 325
0 145
2 154
0 8
4 39
4 110
2 92
0 153
4 97
3 174
1 99
3 42
2 156
0 147
1 124
1 219
2 251
3 213
2 310
2 121
4 266
0 193
3 262
2 4
4 120
2 259
1 155
4 12
2 329
1 251
0 11
1 32
0 23
3 221
4 128
1 224
0 279
3 45
4 149
4 306
1 308
0 314
2 235
2 142
1 86
0 62
2 290
2 214
4 275
0 119
0 64
2 255
1 220
1 39
1 353
3 330
3 15
4 258
2 282
0 337
2 169
0 301
3 240
1 294
0 196
1 357
2 304
0 286
3 38
0 206
2 3
4 227
4 345
1 178
0 319
4 257
0 307
3 319
0 68
1 354
4 373
0 89
0 356
0 185
1 90
2 141
4 67
1 188
1 147
3 252
2 123
0 75
2 107
2 370
1 218
1 200
1 273
0 205
0 32
2 114
2 223
2 272
0 269
2 344
3 8
4 318
2 64
3 304
0 80
2 205
1 209
0 116
0 257
0 186
0 178
4 368
2 363
1 26
4 272
3 300
2 112
4 21
0 270
4 340
3 332
0 244
2 6
2 24
1 331
2 204
2 236
0 275
4 282
1 135
3 0
0 254
2 326
1 143
4 205
3 126
4 69
3 359
3 184
2 170
4 119
4 215
4 54
1 211
2 178
0 284
3 305
2 60
0 281
3 139
2 264
3 13
4 161
3 273
2 85
3 31
4 256
1 42
3 219
0 340
2 275
0 176
4 116
3 374
3 197
3 206
2 140
1 100
3 378
1 151
4 90
3 181
4 278
0 236
2 377
3 276
1 85
4 72
2 116
1 37
1 312
3 43
2 292
0 156
2 144
1 255
1 310
3 355
4 375
3 27
0 267
3 223
2 362
3 54
4 228
4 361
4 201
3 292
1 51
2 117
0 215
4 84
4 164
4 25
3 111
4 351
4 36
1 293
1 73
0 346
3 310
0 285
2 152
4 34
3 338
3 138
3 117
2 224
3 125
1 136
4 219
4 176
3 275
4 92
0 71
1 31
4 239
1 330
1 230
3 150
2 39
1 121
3 58
1 20
